n_epochs_elapsed,1,2,3,4,5,6,7,8,9,10,11,12,13,14,15,16,17,18,19,20,21,22,23,24,25,26,27,28,29,30,31,32,33,34,35,36,37,38,39,40,41,42,43,44,45,46,47,48,49,50,51,52,53,54,55,56,57,58,59,60,61,62,63,64,65,66,67,68,69,70,71,72,73,74,75,76,77,78,79,80,81,82,83,84,85,86,87,88,89,90,91,92,93,94,95,96,97,98,99,100,101,102,103,104,105,106,107,108,109,110,111,112,113,114,115,116,117,118,119,120,121,122,123,124,125,126,127,128,129,130,131,132,133,134,135,136,137,138,139,140,141,142,143,144,145,146,147,148,149,150,151,152,153,154,155,156,157,158,159,160,161,162,163,164,165,166,167,168,169,170,171,172,173,174,175,176,177,178,179,180,181,182,183,184,185,186,187,188,189,190,191,192,193,194,195,196,197,198,199,200,201,202,203,204,205,206,207,208,209,210,211,212,213,214,215,216,217,218,219,220,221,222,223,224,225,226,227,228,229,230,231,232,233,234,235,236,237,238,239,240,241,242,243,244,245,246,247,248,249,250,251,252,253,254,255,256,257,258,259,260,261,262,263,264,265,266,267,268,269,270,271,272,273,274,275,276,277,278,279,280,281,282,283,284,285,286,287,288,289,290,291,292,293,294,295,296,297,298,299,300,301,302,303,304,305,306,307,308,309,310,311,312,313,314,315,316,317,318,319,320,321,322,323,324,325,326,327,328,329,330,331,332,333,334,335,336,337,338,339,340,341,342,343,344,345,346,347,348,349,350,351,352,353,354,355,356,357,358,359,360,361,362,363,364,365,366,367,368,369,370,371,372,373,374,375,376,377,378,379,380,381,382,383,384,385,386,387,388,389,390,391,392,393,394,395,396,397,398,399,400,401,402,403,404,405,406,407,408,409,410,411,412,413,414,415,416,417,418,419,420,421,422,423,424,425,426,427,428,429,430,431,432,433,434,435,436,437,438,439,440,441,442,443,444,445,446,447,448,449,450,451,452,453,454,455,456,457,458,459,460,461,462,463,464,465,466,467,468,469,470,471,472,473,474,475,476,477,478,479,480,481,482,483,484,485,486,487,488,489,490,491,492,493,494,495,496,497,498,499,500,501,502,503,504,505,506,507,508,509,510,511,512,513,514,515,516,517,518,519,520,521,522,523,524,525,526,527,528,529,530,531,532,533,534,535,536,537,538,539,540,541,542,543,544,545,546,547,548,549,550,551,552,553,554,555,556,557,558,559,560,561,562,563,564,565,566,567,568,569,570,571,572,573,574,575,576,577,578,579,580,581,582,583,584,585,586,587,588,589,590,591,592,593,594,595,596,597,598,599,600,601,602,603,604,605,606,607,608,609,610,611,612,613,614,615,616,617,618,619,620,621,622,623,624,625,626,627,628,629,630,631,632,633,634,635,636,637,638,639,640,641,642,643,644,645,646,647,648,649,650,651,652,653,654,655,656,657,658,659,660,661,662,663,664,665,666,667,668,669,670,671,672,673,674,675,676,677,678,679,680,681,682,683,684,685,686,687,688,689,690,691,692,693,694,695,696,697,698,699,700,701,702,703,704,705,706,707,708,709,710,711,712,713,714,715,716,717,718,719,720,721,722,723,724,725,726,727,728,729,730,731,732,733,734,735,736,737,738,739,740,741,742,743,744,745,746,747,748,749,750,751,752,753,754,755,756,757,758,759,760,761,762,763,764,765,766,767,768,769,770,771,772,773,774,775,776,777,778,779,780,781,782,783,784,785,786,787,788,789,790,791,792,793,794,795,796,797,798,799,800,801,802,803,804,805,806,807,808,809,810,811,812,813,814,815,816,817,818,819,820,821,822,823,824,825,826,827,828,829,830,831,832,833,834,835,836,837,838,839,840,841,842,843,844,845,846,847,848,849,850,851,852,853,854,855,856,857,858,859,860,861,862,863,864,865,866,867,868,869,870,871,872,873,874,875,876,877,878,879,880,881,882,883,884,885,886,887,888,889,890,891,892,893,894,895,896,897,898,899,900,901,902,903,904,905,906,907,908,909,910,911,912,913,914,915,916,917,918,919,920,921,922,923,924,925,926,927,928,929,930,931,932,933,934,935,936,937,938,939,940,941,942,943,944,945,946,947,948,949,950,951,952,953,954,955,956,957,958,959,960,961,962,963,964,965,966,967,968,969,970,971,972,973,974,975,976,977,978,979,980,981,982,983,984,985,986,987,988,989,990,991,992,993,994,995,996,997,998,999,1000,1001,1002,1003,1004,1005,1006,1007,1008,1009,1010,1011,1012,1013,1014,1015,1016,1017,1018,1019,1020,1021,1022,1023,1024,1025,1026,1027,1028,1029,1030,1031,1032,1033,1034,1035,1036,1037,1038,1039,1040,1041,1042,1043,1044,1045,1046,1047,1048,1049,1050,1051,1052,1053,1054,1055,1056,1057,1058,1059,1060,1061,1062,1063,1064,1065,1066,1067,1068,1069,1070,1071,1072,1073,1074,1075,1076,1077,1078,1079,1080,1081,1082,1083,1084,1085,1086,1087,1088,1089,1090,1091,1092,1093,1094,1095,1096,1097,1098,1099,1100,1101,1102,1103,1104,1105,1106,1107,1108,1109,1110,1111,1112,1113,1114,1115,1116,1117,1118,1119,1120,1121,1122,1123,1124,1125,1126,1127,1128,1129,1130,1131,1132,1133,1134,1135,1136,1137,1138,1139,1140,1141,1142,1143,1144,1145,1146,1147,1148,1149,1150,1151,1152,1153,1154,1155,1156,1157,1158,1159,1160,1161,1162,1163,1164,1165,1166,1167,1168,1169,1170,1171,1172,1173,1174,1175,1176,1177,1178,1179,1180,1181,1182,1183,1184,1185,1186,1187,1188,1189,1190,1191,1192,1193,1194,1195,1196,1197,1198,1199,1200,1201,1202,1203,1204,1205,1206,1207,1208,1209,1210,1211,1212,1213,1214,1215,1216,1217,1218,1219,1220,1221,1222,1223,1224,1225,1226,1227,1228,1229,1230,1231,1232,1233,1234,1235,1236,1237,1238,1239,1240,1241,1242,1243,1244,1245,1246,1247,1248,1249,1250,1251,1252,1253,1254,1255,1256,1257,1258,1259,1260,1261,1262,1263,1264,1265,1266,1267,1268,1269,1270,1271,1272,1273,1274,1275,1276,1277,1278,1279,1280,1281,1282,1283,1284,1285,1286,1287,1288,1289,1290,1291,1292,1293,1294,1295,1296,1297,1298,1299,1300,1301,1302,1303,1304,1305,1306,1307,1308,1309,1310,1311,1312,1313,1314,1315,1316,1317,1318,1319,1320,1321,1322,1323,1324,1325,1326,1327,1328,1329,1330,1331,1332,1333,1334,1335,1336,1337,1338,1339,1340,1341,1342,1343,1344,1345,1346,1347,1348,1349,1350,1351,1352,1353,1354,1355,1356,1357,1358,1359,1360,1361,1362,1363,1364,1365,1366,1367,1368,1369,1370,1371,1372,1373,1374,1375,1376,1377,1378,1379,1380,1381,1382,1383,1384,1385,1386,1387,1388,1389,1390,1391,1392,1393,1394,1395,1396,1397,1398,1399,1400,1401,1402,1403,1404,1405,1406,1407,1408,1409,1410,1411,1412,1413,1414,1415,1416,1417,1418,1419,1420,1421,1422,1423,1424,1425,1426,1427,1428,1429,1430,1431,1432,1433,1434,1435,1436,1437,1438,1439,1440,1441,1442,1443,1444,1445,1446,1447,1448,1449,1450,1451,1452,1453,1454,1455,1456,1457,1458,1459,1460,1461,1462,1463,1464,1465,1466,1467,1468,1469,1470,1471,1472,1473,1474,1475,1476,1477,1478,1479,1480,1481,1482,1483,1484,1485,1486,1487,1488,1489,1490,1491,1492,1493,1494,1495,1496,1497,1498,1499,1500,1501,1502,1503,1504,1505,1506,1507,1508,1509,1510,1511,1512,1513,1514,1515,1516,1517,1518,1519,1520,1521,1522,1523,1524,1525,1526,1527,1528,1529,1530,1531,1532,1533,1534,1535,1536,1537,1538,1539,1540,1541,1542,1543,1544,1545,1546,1547,1548,1549,1550,1551,1552,1553,1554,1555,1556,1557,1558,1559,1560,1561,1562,1563,1564,1565,1566,1567,1568,1569,1570,1571,1572,1573,1574,1575,1576,1577,1578,1579,1580,1581,1582,1583,1584,1585,1586,1587,1588,1589,1590,1591,1592,1593,1594,1595,1596,1597,1598,1599,1600,1601,1602,1603,1604,1605,1606,1607,1608,1609,1610,1611,1612,1613,1614,1615,1616,1617,1618,1619,1620,1621,1622,1623,1624,1625,1626,1627,1628,1629,1630,1631,1632,1633,1634,1635,1636,1637,1638,1639,1640,1641,1642,1643,1644,1645,1646,1647,1648,1649,1650,1651,1652,1653,1654,1655,1656,1657,1658,1659,1660,1661,1662,1663,1664,1665,1666,1667,1668,1669,1670,1671,1672,1673,1674,1675,1676,1677,1678,1679,1680,1681,1682,1683,1684,1685,1686,1687,1688,1689,1690,1691,1692,1693,1694,1695,1696,1697,1698,1699,1700,1701,1702,1703,1704,1705,1706,1707,1708,1709,1710,1711,1712,1713,1714,1715,1716,1717,1718,1719,1720,1721,1722,1723,1724,1725,1726,1727,1728,1729,1730,1731,1732,1733,1734,1735,1736,1737,1738,1739,1740,1741,1742,1743,1744,1745,1746,1747,1748,1749,1750,1751,1752,1753,1754,1755,1756,1757,1758,1759,1760,1761,1762,1763,1764,1765,1766,1767,1768,1769,1770,1771,1772,1773,1774,1775,1776,1777,1778,1779,1780,1781,1782,1783,1784,1785,1786,1787,1788,1789,1790,1791,1792,1793,1794,1795,1796,1797,1798,1799,1800,1801,1802,1803,1804,1805,1806,1807,1808,1809,1810,1811,1812,1813,1814,1815,1816,1817,1818,1819,1820,1821,1822,1823,1824,1825,1826,1827,1828,1829,1830,1831,1832,1833,1834,1835,1836,1837,1838,1839,1840,1841,1842,1843,1844,1845,1846,1847,1848,1849,1850,1851,1852,1853,1854,1855,1856,1857,1858,1859,1860,1861,1862,1863,1864,1865,1866,1867,1868,1869,1870,1871,1872,1873,1874,1875,1876,1877,1878,1879,1880,1881,1882,1883,1884,1885,1886,1887,1888,1889,1890,1891,1892,1893,1894,1895,1896,1897,1898,1899,1900,1901,1902,1903,1904,1905,1906,1907,1908,1909,1910,1911,1912,1913,1914,1915,1916,1917,1918,1919,1920,1921,1922,1923,1924,1925,1926,1927,1928,1929,1930,1931,1932,1933,1934,1935,1936,1937,1938,1939,1940,1941,1942,1943,1944,1945,1946,1947,1948,1949,1950,1951,1952,1953,1954,1955,1956,1957,1958,1959,1960,1961,1962,1963,1964,1965,1966,1967,1968,1969,1970,1971,1972,1973,1974,1975,1976,1977,1978,1979,1980,1981,1982,1983,1984,1985,1986,1987,1988,1989,1990,1991,1992,1993,1994,1995,1996,1997,1998,1999,2000,2001,2002,2003,2004,2005,2006,2007,2008,2009,2010,2011,2012,2013,2014,2015,2016,2017,2018,2019,2020,2021,2022,2023,2024,2025,2026,2027,2028,2029,2030,2031,2032,2033,2034,2035,2036,2037,2038,2039,2040,2041,2042,2043,2044,2045,2046,2047,2048,2049,2050,2051,2052,2053,2054,2055,2056,2057,2058,2059,2060,2061,2062,2063,2064,2065,2066,2067,2068,2069,2070,2071,2072,2073,2074,2075,2076,2077,2078,2079,2080,2081,2082,2083,2084,2085,2086,2087,2088,2089,2090,2091,2092,2093,2094,2095,2096,2097,2098,2099,2100,2101,2102,2103,2104,2105,2106,2107,2108,2109,2110,2111,2112,2113,2114,2115,2116,2117,2118,2119,2120,2121,2122,2123,2124,2125,2126,2127,2128,2129,2130,2131,2132,2133,2134,2135,2136,2137,2138,2139,2140,2141,2142,2143,2144,2145,2146,2147,2148,2149,2150,2151,2152,2153,2154,2155,2156,2157,2158,2159,2160,2161,2162,2163,2164,2165,2166,2167,2168,2169,2170,2171,2172,2173,2174,2175,2176,2177,2178,2179,2180,2181,2182,2183,2184,2185,2186,2187,2188,2189,2190,2191,2192,2193,2194,2195,2196,2197,2198,2199,2200,2201,2202,2203,2204,2205,2206,2207,2208,2209,2210,2211,2212,2213,2214,2215,2216,2217,2218,2219,2220,2221,2222,2223,2224,2225,2226,2227,2228,2229,2230,2231,2232,2233,2234,2235,2236,2237,2238,2239,2240,2241,2242,2243,2244,2245,2246,2247,2248,2249,2250,2251,2252,2253,2254,2255,2256,2257,2258,2259,2260,2261,2262,2263,2264,2265,2266,2267,2268,2269,2270,2271,2272,2273,2274,2275,2276,2277,2278,2279,2280,2281,2282,2283,2284,2285,2286,2287,2288,2289,2290,2291,2292,2293,2294,2295,2296,2297,2298,2299,2300,2301,2302,2303,2304,2305,2306,2307,2308,2309,2310,2311,2312,2313,2314,2315,2316,2317,2318,2319,2320,2321,2322,2323,2324,2325,2326,2327,2328,2329,2330,2331,2332,2333,2334,2335,2336,2337,2338,2339,2340,2341,2342,2343,2344,2345,2346,2347,2348,2349,2350,2351,2352,2353,2354,2355,2356,2357,2358,2359,2360,2361,2362,2363,2364,2365,2366,2367,2368,2369,2370,2371,2372,2373,2374,2375,2376,2377,2378,2379,2380,2381,2382,2383,2384,2385,2386,2387,2388,2389,2390,2391,2392,2393,2394,2395,2396,2397,2398,2399,2400,2401,2402,2403,2404,2405,2406,2407,2408,2409,2410,2411,2412,2413,2414,2415,2416,2417,2418,2419,2420,2421,2422,2423,2424,2425,2426,2427,2428,2429,2430,2431,2432,2433,2434,2435,2436,2437,2438,2439,2440,2441,2442,2443,2444,2445,2446,2447,2448,2449,2450,2451,2452,2453,2454,2455,2456,2457,2458,2459,2460,2461,2462,2463,2464,2465,2466,2467,2468,2469,2470,2471,2472,2473,2474,2475,2476,2477,2478,2479,2480,2481,2482,2483,2484,2485,2486,2487,2488,2489,2490,2491,2492,2493,2494,2495,2496,2497,2498,2499,2500,2501,2502,2503,2504,2505,2506,2507,2508,2509,2510,2511,2512,2513,2514,2515,2516,2517,2518,2519,2520,2521,2522,2523,2524,2525,2526,2527,2528,2529,2530,2531,2532,2533,2534,2535,2536,2537,2538,2539,2540,2541,2542,2543,2544,2545,2546,2547,2548,2549,2550,2551,2552,2553,2554,2555,2556,2557,2558,2559,2560,2561,2562,2563,2564,2565,2566,2567,2568,2569,2570,2571,2572,2573,2574,2575,2576,2577,2578,2579,2580,2581,2582,2583,2584,2585,2586,2587,2588,2589,2590,2591,2592,2593,2594,2595,2596,2597,2598,2599,2600,2601,2602,2603,2604,2605,2606,2607,2608,2609,2610,2611,2612,2613,2614,2615,2616,2617,2618,2619,2620,2621,2622,2623,2624,2625,2626,2627,2628,2629,2630,2631,2632,2633,2634,2635,2636,2637,2638,2639,2640,2641,2642,2643,2644,2645,2646,2647,2648,2649,2650,2651,2652,2653,2654,2655,2656,2657,2658,2659,2660,2661,2662,2663,2664,2665,2666,2667,2668,2669,2670,2671,2672,2673,2674,2675,2676,2677,2678,2679,2680,2681,2682,2683,2684,2685,2686,2687,2688,2689,2690,2691,2692,2693,2694,2695,2696,2697,2698,2699,2700,2701,2702,2703,2704,2705,2706,2707,2708,2709,2710,2711,2712,2713,2714,2715,2716,2717,2718,2719,2720,2721,2722,2723,2724,2725,2726,2727,2728,2729,2730,2731,2732,2733,2734,2735,2736,2737,2738,2739,2740,2741,2742,2743,2744,2745,2746,2747,2748,2749,2750,2751,2752,2753,2754,2755,2756,2757,2758,2759,2760,2761,2762,2763,2764,2765,2766,2767,2768,2769,2770,2771,2772,2773,2774,2775,2776,2777,2778,2779,2780,2781,2782,2783,2784,2785,2786,2787,2788,2789,2790,2791,2792,2793,2794,2795,2796,2797,2798,2799,2800,2801,2802,2803,2804,2805,2806,2807,2808,2809,2810,2811,2812,2813,2814,2815,2816,2817,2818,2819,2820,2821,2822,2823,2824,2825,2826,2827,2828,2829,2830,2831,2832,2833,2834,2835,2836,2837,2838,2839,2840,2841,2842,2843,2844,2845,2846,2847,2848,2849,2850,2851,2852,2853,2854,2855,2856,2857,2858,2859,2860,2861,2862,2863,2864,2865,2866,2867,2868,2869,2870,2871,2872,2873,2874,2875,2876,2877,2878,2879,2880,2881,2882,2883,2884,2885,2886,2887,2888,2889,2890,2891,2892,2893,2894,2895,2896,2897,2898,2899,2900,2901,2902,2903,2904,2905,2906,2907,2908,2909,2910,2911,2912,2913,2914,2915,2916,2917,2918,2919,2920,2921,2922,2923,2924,2925,2926,2927,2928,2929,2930,2931,2932,2933,2934,2935,2936,2937,2938,2939,2940,2941,2942,2943,2944,2945,2946,2947,2948,2949,2950,2951,2952,2953,2954,2955,2956,2957,2958,2959,2960,2961,2962,2963,2964,2965,2966,2967,2968,2969,2970,2971,2972,2973,2974,2975,2976,2977,2978,2979,2980,2981,2982,2983,2984,2985,2986,2987,2988,2989,2990,2991,2992,2993,2994,2995,2996,2997,2998,2999,3000,3001,3002,3003,3004,3005,3006,3007,3008,3009,3010,3011,3012,3013,3014,3015,3016,3017,3018,3019,3020,3021,3022,3023,3024,3025,3026,3027,3028,3029,3030,3031,3032,3033,3034,3035,3036,3037,3038,3039,3040,3041,3042,3043,3044,3045,3046,3047,3048,3049,3050,3051,3052,3053,3054,3055,3056,3057,3058,3059,3060,3061,3062,3063,3064,3065,3066,3067,3068,3069,3070,3071,3072,3073,3074,3075,3076,3077,3078,3079,3080,3081,3082,3083,3084,3085,3086,3087,3088,3089,3090,3091,3092,3093,3094,3095,3096,3097,3098,3099,3100,3101,3102,3103,3104,3105,3106,3107,3108,3109,3110,3111,3112,3113,3114,3115,3116,3117,3118,3119,3120,3121,3122,3123,3124,3125,3126,3127,3128,3129,3130,3131,3132,3133,3134,3135,3136,3137,3138,3139,3140,3141,3142,3143,3144,3145,3146,3147,3148,3149,3150,3151,3152,3153,3154,3155,3156,3157,3158,3159,3160,3161,3162,3163,3164,3165,3166,3167,3168,3169,3170,3171,3172,3173,3174,3175,3176,3177,3178,3179,3180,3181,3182,3183,3184,3185,3186,3187,3188,3189,3190,3191,3192,3193,3194,3195,3196,3197,3198,3199,3200,3201,3202,3203,3204,3205,3206,3207,3208,3209,3210,3211,3212,3213,3214,3215,3216,3217,3218,3219,3220,3221,3222,3223,3224,3225,3226,3227,3228,3229,3230,3231,3232,3233,3234,3235,3236,3237,3238,3239,3240,3241,3242,3243,3244,3245,3246,3247,3248,3249,3250,3251,3252,3253,3254,3255,3256,3257,3258,3259,3260,3261,3262,3263,3264,3265,3266,3267,3268,3269,3270,3271,3272,3273,3274,3275,3276,3277,3278,3279,3280,3281,3282,3283,3284,3285,3286,3287,3288,3289,3290,3291,3292,3293,3294,3295,3296,3297,3298,3299,3300,3301,3302,3303,3304,3305,3306,3307,3308,3309,3310,3311,3312,3313,3314,3315,3316,3317,3318,3319,3320,3321,3322,3323,3324,3325,3326,3327,3328,3329,3330,3331,3332,3333,3334,3335,3336,3337,3338,3339,3340,3341,3342,3343,3344,3345,3346,3347,3348,3349,3350,3351,3352,3353,3354,3355,3356,3357,3358,3359,3360,3361,3362,3363,3364,3365,3366,3367,3368,3369,3370,3371,3372,3373,3374,3375,3376,3377,3378,3379,3380,3381,3382,3383,3384,3385,3386,3387,3388,3389,3390,3391,3392,3393,3394,3395,3396,3397,3398,3399,3400,3401,3402,3403,3404,3405,3406,3407,3408,3409,3410,3411,3412,3413,3414,3415,3416,3417,3418,3419,3420,3421,3422,3423,3424,3425,3426,3427,3428,3429,3430,3431,3432,3433,3434,3435,3436,3437,3438,3439,3440,3441,3442,3443,3444,3445,3446,3447,3448,3449,3450,3451,3452,3453,3454,3455,3456,3457,3458,3459,3460,3461,3462,3463,3464,3465,3466,3467,3468,3469,3470,3471,3472,3473,3474,3475,3476,3477,3478,3479,3480,3481,3482,3483,3484,3485,3486,3487,3488,3489,3490,3491,3492,3493,3494,3495,3496,3497,3498,3499,3500,3501,3502,3503,3504,3505,3506,3507,3508,3509,3510,3511,3512,3513,3514,3515,3516,3517,3518,3519,3520,3521,3522,3523,3524,3525,3526,3527,3528,3529,3530,3531,3532,3533,3534,3535,3536,3537,3538,3539,3540,3541,3542,3543,3544,3545,3546,3547,3548,3549,3550,3551,3552,3553,3554,3555,3556,3557,3558,3559,3560,3561,3562,3563,3564,3565,3566,3567,3568,3569,3570,3571,3572,3573,3574,3575,3576,3577,3578,3579,3580,3581,3582,3583,3584,3585,3586,3587,3588,3589,3590,3591,3592,3593,3594,3595,3596,3597,3598,3599,3600,3601,3602,3603,3604,3605,3606,3607,3608,3609,3610,3611,3612,3613,3614,3615,3616,3617,3618,3619,3620,3621,3622,3623,3624,3625,3626,3627,3628,3629,3630,3631,3632,3633,3634,3635,3636,3637,3638,3639,3640,3641,3642,3643,3644,3645,3646,3647,3648,3649,3650,3651,3652,3653,3654,3655,3656,3657,3658,3659,3660,3661,3662,3663,3664,3665,3666,3667,3668,3669,3670,3671,3672,3673,3674,3675,3676,3677,3678,3679,3680,3681,3682,3683,3684,3685,3686,3687,3688,3689,3690,3691,3692,3693,3694,3695,3696,3697,3698,3699,3700,3701,3702,3703,3704,3705,3706,3707,3708,3709,3710,3711,3712,3713,3714,3715,3716,3717,3718,3719,3720,3721,3722,3723,3724,3725,3726,3727,3728,3729,3730,3731,3732,3733,3734,3735,3736,3737,3738,3739,3740,3741,3742,3743,3744,3745,3746,3747,3748,3749,3750,3751,3752,3753,3754,3755,3756,3757,3758,3759,3760,3761,3762,3763,3764,3765,3766,3767,3768,3769,3770,3771,3772,3773,3774,3775,3776,3777,3778,3779,3780,3781,3782,3783,3784,3785,3786,3787,3788,3789,3790,3791,3792,3793,3794,3795,3796,3797,3798,3799,3800,3801,3802,3803,3804,3805,3806,3807,3808,3809,3810,3811,3812,3813,3814,3815,3816,3817,3818,3819,3820,3821,3822,3823,3824,3825,3826,3827,3828,3829,3830,3831,3832,3833,3834,3835,3836,3837,3838,3839,3840,3841,3842,3843,3844,3845,3846,3847,3848,3849,3850,3851,3852,3853,3854,3855,3856,3857,3858,3859,3860,3861,3862,3863,3864,3865,3866,3867,3868,3869,3870,3871,3872,3873,3874,3875,3876,3877,3878,3879,3880,3881,3882,3883,3884,3885,3886,3887,3888,3889,3890,3891,3892,3893,3894,3895,3896,3897,3898,3899,3900,3901,3902,3903,3904,3905,3906,3907,3908,3909,3910,3911,3912,3913,3914,3915,3916,3917,3918,3919,3920,3921,3922,3923,3924,3925,3926,3927,3928,3929,3930,3931,3932,3933,3934,3935,3936,3937,3938,3939,3940,3941,3942,3943,3944,3945,3946,3947,3948,3949,3950,3951,3952,3953,3954,3955,3956,3957,3958,3959,3960,3961,3962,3963,3964,3965,3966,3967,3968,3969,3970,3971,3972,3973,3974,3975,3976,3977,3978,3979,3980,3981,3982,3983,3984,3985,3986,3987,3988,3989,3990,3991,3992,3993,3994,3995,3996,3997,3998,3999,4000,4001,4002,4003,4004,4005,4006,4007,4008,4009,4010,4011,4012,4013,4014,4015,4016,4017,4018,4019,4020,4021,4022,4023,4024,4025,4026,4027,4028,4029,4030,4031,4032,4033,4034,4035,4036,4037,4038,4039,4040,4041,4042,4043,4044,4045,4046,4047,4048,4049,4050,4051,4052,4053,4054,4055,4056,4057,4058,4059,4060,4061,4062,4063,4064,4065,4066,4067,4068,4069,4070,4071,4072,4073,4074,4075,4076,4077,4078,4079,4080,4081,4082,4083,4084,4085,4086,4087,4088,4089,4090,4091,4092,4093,4094,4095,4096,4097,4098,4099,4100,4101,4102,4103,4104,4105,4106,4107,4108,4109,4110,4111,4112,4113,4114,4115,4116,4117,4118,4119,4120,4121,4122,4123,4124,4125,4126,4127,4128,4129,4130,4131,4132,4133,4134,4135,4136,4137,4138,4139,4140,4141,4142,4143,4144,4145,4146,4147,4148,4149,4150,4151,4152,4153,4154,4155,4156,4157,4158,4159,4160,4161,4162,4163,4164,4165,4166,4167,4168,4169,4170,4171,4172,4173,4174,4175,4176,4177,4178,4179,4180,4181,4182,4183,4184,4185,4186,4187,4188,4189,4190,4191,4192,4193,4194,4195,4196,4197,4198,4199,4200,4201,4202,4203,4204,4205,4206,4207,4208,4209,4210,4211,4212,4213,4214,4215,4216,4217,4218,4219,4220,4221,4222,4223,4224,4225,4226,4227,4228,4229,4230,4231,4232,4233,4234,4235,4236,4237,4238,4239,4240,4241,4242,4243,4244,4245,4246,4247,4248,4249,4250,4251,4252,4253,4254,4255,4256,4257,4258,4259,4260,4261,4262,4263,4264,4265,4266,4267,4268,4269,4270,4271,4272,4273,4274,4275,4276,4277,4278,4279,4280,4281,4282,4283,4284,4285,4286,4287,4288,4289,4290,4291,4292,4293,4294,4295,4296,4297,4298,4299,4300,4301,4302,4303,4304,4305,4306,4307,4308,4309,4310,4311,4312,4313,4314,4315,4316,4317,4318,4319,4320,4321,4322,4323,4324,4325,4326,4327,4328,4329,4330,4331,4332,4333,4334,4335,4336,4337,4338,4339,4340,4341,4342,4343,4344,4345,4346,4347,4348,4349,4350,4351,4352,4353,4354,4355,4356,4357,4358,4359,4360,4361,4362,4363,4364,4365,4366,4367,4368,4369,4370,4371,4372,4373,4374,4375,4376,4377,4378,4379,4380,4381,4382,4383,4384,4385,4386,4387,4388,4389,4390,4391,4392,4393,4394,4395,4396,4397,4398,4399,4400,4401,4402,4403,4404,4405,4406,4407,4408,4409,4410,4411,4412,4413,4414,4415,4416,4417,4418,4419,4420,4421,4422,4423,4424,4425,4426,4427,4428,4429,4430,4431,4432,4433,4434,4435,4436,4437,4438,4439,4440,4441,4442,4443,4444,4445,4446,4447,4448,4449,4450,4451,4452,4453,4454,4455,4456,4457,4458,4459,4460,4461,4462,4463,4464,4465,4466,4467,4468,4469,4470,4471,4472,4473,4474,4475,4476,4477,4478,4479,4480,4481,4482,4483,4484,4485,4486,4487,4488,4489,4490,4491,4492,4493,4494,4495,4496,4497,4498,4499,4500,4501,4502,4503,4504,4505,4506,4507,4508,4509,4510,4511,4512,4513,4514,4515,4516,4517,4518,4519,4520,4521,4522,4523,4524,4525,4526,4527,4528,4529,4530,4531,4532,4533,4534,4535,4536,4537,4538,4539,4540,4541,4542,4543,4544,4545,4546,4547,4548,4549,4550,4551,4552,4553,4554,4555,4556,4557,4558,4559,4560,4561,4562,4563,4564,4565,4566,4567,4568,4569,4570,4571,4572,4573,4574,4575,4576,4577,4578,4579,4580,4581,4582,4583,4584,4585,4586,4587,4588,4589,4590,4591,4592,4593,4594,4595,4596,4597,4598,4599,4600,4601,4602,4603,4604,4605,4606,4607,4608,4609,4610,4611,4612,4613,4614,4615,4616,4617,4618,4619,4620,4621,4622,4623,4624,4625,4626,4627,4628,4629,4630,4631,4632,4633,4634,4635,4636,4637,4638,4639,4640,4641,4642,4643,4644,4645,4646,4647,4648,4649,4650,4651,4652,4653,4654,4655,4656,4657,4658,4659,4660,4661,4662,4663,4664,4665,4666,4667,4668,4669,4670,4671,4672,4673,4674,4675,4676,4677,4678,4679,4680,4681,4682,4683,4684,4685,4686,4687,4688,4689,4690,4691,4692,4693,4694,4695,4696,4697,4698,4699,4700,4701,4702,4703,4704,4705,4706,4707,4708,4709,4710,4711,4712,4713,4714,4715,4716,4717,4718,4719,4720,4721,4722,4723,4724,4725,4726,4727,4728,4729,4730,4731,4732,4733,4734,4735,4736,4737,4738,4739,4740,4741,4742,4743,4744,4745,4746,4747,4748,4749,4750,4751,4752,4753,4754,4755,4756,4757,4758,4759,4760,4761,4762,4763,4764,4765,4766,4767,4768,4769,4770,4771,4772,4773,4774,4775,4776,4777,4778,4779,4780,4781,4782,4783,4784,4785,4786,4787,4788,4789,4790,4791,4792,4793,4794,4795,4796,4797,4798,4799,4800,4801,4802,4803,4804,4805,4806,4807,4808,4809,4810,4811,4812,4813,4814,4815,4816,4817,4818,4819,4820,4821,4822,4823,4824,4825,4826,4827,4828,4829,4830,4831,4832,4833,4834,4835,4836,4837,4838,4839,4840,4841,4842,4843,4844,4845,4846,4847,4848,4849,4850,4851,4852,4853,4854,4855,4856,4857,4858,4859,4860,4861,4862,4863,4864,4865,4866,4867,4868,4869,4870,4871,4872,4873,4874,4875,4876,4877,4878,4879,4880,4881,4882,4883,4884,4885,4886,4887,4888,4889,4890,4891,4892,4893,4894,4895,4896,4897,4898,4899,4900,4901,4902,4903,4904,4905,4906,4907,4908,4909,4910,4911,4912,4913,4914,4915,4916,4917,4918,4919,4920,4921,4922,4923,4924,4925,4926,4927,4928,4929,4930,4931,4932,4933,4934,4935,4936,4937,4938,4939,4940,4941,4942,4943,4944,4945,4946,4947,4948,4949,4950,4951,4952,4953,4954,4955,4956,4957,4958,4959,4960,4961,4962,4963,4964,4965,4966,4967,4968,4969,4970,4971,4972,4973,4974,4975,4976,4977,4978,4979,4980,4981,4982,4983,4984,4985,4986,4987,4988,4989,4990,4991,4992,4993,4994,4995,4996,4997,4998,4999,5000
n_training_episodes_elapsed,50,100,150,200,250,300,350,400,450,500,550,600,650,700,750,800,850,900,950,1000,1050,1100,1150,1200,1250,1300,1350,1400,1450,1500,1550,1600,1650,1700,1750,1800,1850,1900,1950,2000,2050,2100,2150,2200,2250,2300,2350,2400,2450,2500,2550,2600,2650,2700,2750,2800,2850,2900,2950,3000,3050,3100,3150,3200,3250,3300,3350,3400,3450,3500,3550,3600,3650,3700,3750,3800,3850,3900,3950,4000,4050,4100,4150,4200,4250,4300,4350,4400,4450,4500,4550,4600,4650,4700,4750,4800,4850,4900,4950,5000,5050,5100,5150,5200,5250,5300,5350,5400,5450,5500,5550,5600,5650,5700,5750,5800,5850,5900,5950,6000,6050,6100,6150,6200,6250,6300,6350,6400,6450,6500,6550,6600,6650,6700,6750,6800,6850,6900,6950,7000,7050,7100,7150,7200,7250,7300,7350,7400,7450,7500,7550,7600,7650,7700,7750,7800,7850,7900,7950,8000,8050,8100,8150,8200,8250,8300,8350,8400,8450,8500,8550,8600,8650,8700,8750,8800,8850,8900,8950,9000,9050,9100,9150,9200,9250,9300,9350,9400,9450,9500,9550,9600,9650,9700,9750,9800,9850,9900,9950,10000,10050,10100,10150,10200,10250,10300,10350,10400,10450,10500,10550,10600,10650,10700,10750,10800,10850,10900,10950,11000,11050,11100,11150,11200,11250,11300,11350,11400,11450,11500,11550,11600,11650,11700,11750,11800,11850,11900,11950,12000,12050,12100,12150,12200,12250,12300,12350,12400,12450,12500,12550,12600,12650,12700,12750,12800,12850,12900,12950,13000,13050,13100,13150,13200,13250,13300,13350,13400,13450,13500,13550,13600,13650,13700,13750,13800,13850,13900,13950,14000,14050,14100,14150,14200,14250,14300,14350,14400,14450,14500,14550,14600,14650,14700,14750,14800,14850,14900,14950,15000,15050,15100,15150,15200,15250,15300,15350,15400,15450,15500,15550,15600,15650,15700,15750,15800,15850,15900,15950,16000,16050,16100,16150,16200,16250,16300,16350,16400,16450,16500,16550,16600,16650,16700,16750,16800,16850,16900,16950,17000,17050,17100,17150,17200,17250,17300,17350,17400,17450,17500,17550,17600,17650,17700,17750,17800,17850,17900,17950,18000,18050,18100,18150,18200,18250,18300,18350,18400,18450,18500,18550,18600,18650,18700,18750,18800,18850,18900,18950,19000,19050,19100,19150,19200,19250,19300,19350,19400,19450,19500,19550,19600,19650,19700,19750,19800,19850,19900,19950,20000,20050,20100,20150,20200,20250,20300,20350,20400,20450,20500,20550,20600,20650,20700,20750,20800,20850,20900,20950,21000,21050,21100,21150,21200,21250,21300,21350,21400,21450,21500,21550,21600,21650,21700,21750,21800,21850,21900,21950,22000,22050,22100,22150,22200,22250,22300,22350,22400,22450,22500,22550,22600,22650,22700,22750,22800,22850,22900,22950,23000,23050,23100,23150,23200,23250,23300,23350,23400,23450,23500,23550,23600,23650,23700,23750,23800,23850,23900,23950,24000,24050,24100,24150,24200,24250,24300,24350,24400,24450,24500,24550,24600,24650,24700,24750,24800,24850,24900,24950,25000,25050,25100,25150,25200,25250,25300,25350,25400,25450,25500,25550,25600,25650,25700,25750,25800,25850,25900,25950,26000,26050,26100,26150,26200,26250,26300,26350,26400,26450,26500,26550,26600,26650,26700,26750,26800,26850,26900,26950,27000,27050,27100,27150,27200,27250,27300,27350,27400,27450,27500,27550,27600,27650,27700,27750,27800,27850,27900,27950,28000,28050,28100,28150,28200,28250,28300,28350,28400,28450,28500,28550,28600,28650,28700,28750,28800,28850,28900,28950,29000,29050,29100,29150,29200,29250,29300,29350,29400,29450,29500,29550,29600,29650,29700,29750,29800,29850,29900,29950,30000,30050,30100,30150,30200,30250,30300,30350,30400,30450,30500,30550,30600,30650,30700,30750,30800,30850,30900,30950,31000,31050,31100,31150,31200,31250,31300,31350,31400,31450,31500,31550,31600,31650,31700,31750,31800,31850,31900,31950,32000,32050,32100,32150,32200,32250,32300,32350,32400,32450,32500,32550,32600,32650,32700,32750,32800,32850,32900,32950,33000,33050,33100,33150,33200,33250,33300,33350,33400,33450,33500,33550,33600,33650,33700,33750,33800,33850,33900,33950,34000,34050,34100,34150,34200,34250,34300,34350,34400,34450,34500,34550,34600,34650,34700,34750,34800,34850,34900,34950,35000,35050,35100,35150,35200,35250,35300,35350,35400,35450,35500,35550,35600,35650,35700,35750,35800,35850,35900,35950,36000,36050,36100,36150,36200,36250,36300,36350,36400,36450,36500,36550,36600,36650,36700,36750,36800,36850,36900,36950,37000,37050,37100,37150,37200,37250,37300,37350,37400,37450,37500,37550,37600,37650,37700,37750,37800,37850,37900,37950,38000,38050,38100,38150,38200,38250,38300,38350,38400,38450,38500,38550,38600,38650,38700,38750,38800,38850,38900,38950,39000,39050,39100,39150,39200,39250,39300,39350,39400,39450,39500,39550,39600,39650,39700,39750,39800,39850,39900,39950,40000,40050,40100,40150,40200,40250,40300,40350,40400,40450,40500,40550,40600,40650,40700,40750,40800,40850,40900,40950,41000,41050,41100,41150,41200,41250,41300,41350,41400,41450,41500,41550,41600,41650,41700,41750,41800,41850,41900,41950,42000,42050,42100,42150,42200,42250,42300,42350,42400,42450,42500,42550,42600,42650,42700,42750,42800,42850,42900,42950,43000,43050,43100,43150,43200,43250,43300,43350,43400,43450,43500,43550,43600,43650,43700,43750,43800,43850,43900,43950,44000,44050,44100,44150,44200,44250,44300,44350,44400,44450,44500,44550,44600,44650,44700,44750,44800,44850,44900,44950,45000,45050,45100,45150,45200,45250,45300,45350,45400,45450,45500,45550,45600,45650,45700,45750,45800,45850,45900,45950,46000,46050,46100,46150,46200,46250,46300,46350,46400,46450,46500,46550,46600,46650,46700,46750,46800,46850,46900,46950,47000,47050,47100,47150,47200,47250,47300,47350,47400,47450,47500,47550,47600,47650,47700,47750,47800,47850,47900,47950,48000,48050,48100,48150,48200,48250,48300,48350,48400,48450,48500,48550,48600,48650,48700,48750,48800,48850,48900,48950,49000,49050,49100,49150,49200,49250,49300,49350,49400,49450,49500,49550,49600,49650,49700,49750,49800,49850,49900,49950,50000,50050,50100,50150,50200,50250,50300,50350,50400,50450,50500,50550,50600,50650,50700,50750,50800,50850,50900,50950,51000,51050,51100,51150,51200,51250,51300,51350,51400,51450,51500,51550,51600,51650,51700,51750,51800,51850,51900,51950,52000,52050,52100,52150,52200,52250,52300,52350,52400,52450,52500,52550,52600,52650,52700,52750,52800,52850,52900,52950,53000,53050,53100,53150,53200,53250,53300,53350,53400,53450,53500,53550,53600,53650,53700,53750,53800,53850,53900,53950,54000,54050,54100,54150,54200,54250,54300,54350,54400,54450,54500,54550,54600,54650,54700,54750,54800,54850,54900,54950,55000,55050,55100,55150,55200,55250,55300,55350,55400,55450,55500,55550,55600,55650,55700,55750,55800,55850,55900,55950,56000,56050,56100,56150,56200,56250,56300,56350,56400,56450,56500,56550,56600,56650,56700,56750,56800,56850,56900,56950,57000,57050,57100,57150,57200,57250,57300,57350,57400,57450,57500,57550,57600,57650,57700,57750,57800,57850,57900,57950,58000,58050,58100,58150,58200,58250,58300,58350,58400,58450,58500,58550,58600,58650,58700,58750,58800,58850,58900,58950,59000,59050,59100,59150,59200,59250,59300,59350,59400,59450,59500,59550,59600,59650,59700,59750,59800,59850,59900,59950,60000,60050,60100,60150,60200,60250,60300,60350,60400,60450,60500,60550,60600,60650,60700,60750,60800,60850,60900,60950,61000,61050,61100,61150,61200,61250,61300,61350,61400,61450,61500,61550,61600,61650,61700,61750,61800,61850,61900,61950,62000,62050,62100,62150,62200,62250,62300,62350,62400,62450,62500,62550,62600,62650,62700,62750,62800,62850,62900,62950,63000,63050,63100,63150,63200,63250,63300,63350,63400,63450,63500,63550,63600,63650,63700,63750,63800,63850,63900,63950,64000,64050,64100,64150,64200,64250,64300,64350,64400,64450,64500,64550,64600,64650,64700,64750,64800,64850,64900,64950,65000,65050,65100,65150,65200,65250,65300,65350,65400,65450,65500,65550,65600,65650,65700,65750,65800,65850,65900,65950,66000,66050,66100,66150,66200,66250,66300,66350,66400,66450,66500,66550,66600,66650,66700,66750,66800,66850,66900,66950,67000,67050,67100,67150,67200,67250,67300,67350,67400,67450,67500,67550,67600,67650,67700,67750,67800,67850,67900,67950,68000,68050,68100,68150,68200,68250,68300,68350,68400,68450,68500,68550,68600,68650,68700,68750,68800,68850,68900,68950,69000,69050,69100,69150,69200,69250,69300,69350,69400,69450,69500,69550,69600,69650,69700,69750,69800,69850,69900,69950,70000,70050,70100,70150,70200,70250,70300,70350,70400,70450,70500,70550,70600,70650,70700,70750,70800,70850,70900,70950,71000,71050,71100,71150,71200,71250,71300,71350,71400,71450,71500,71550,71600,71650,71700,71750,71800,71850,71900,71950,72000,72050,72100,72150,72200,72250,72300,72350,72400,72450,72500,72550,72600,72650,72700,72750,72800,72850,72900,72950,73000,73050,73100,73150,73200,73250,73300,73350,73400,73450,73500,73550,73600,73650,73700,73750,73800,73850,73900,73950,74000,74050,74100,74150,74200,74250,74300,74350,74400,74450,74500,74550,74600,74650,74700,74750,74800,74850,74900,74950,75000,75050,75100,75150,75200,75250,75300,75350,75400,75450,75500,75550,75600,75650,75700,75750,75800,75850,75900,75950,76000,76050,76100,76150,76200,76250,76300,76350,76400,76450,76500,76550,76600,76650,76700,76750,76800,76850,76900,76950,77000,77050,77100,77150,77200,77250,77300,77350,77400,77450,77500,77550,77600,77650,77700,77750,77800,77850,77900,77950,78000,78050,78100,78150,78200,78250,78300,78350,78400,78450,78500,78550,78600,78650,78700,78750,78800,78850,78900,78950,79000,79050,79100,79150,79200,79250,79300,79350,79400,79450,79500,79550,79600,79650,79700,79750,79800,79850,79900,79950,80000,80050,80100,80150,80200,80250,80300,80350,80400,80450,80500,80550,80600,80650,80700,80750,80800,80850,80900,80950,81000,81050,81100,81150,81200,81250,81300,81350,81400,81450,81500,81550,81600,81650,81700,81750,81800,81850,81900,81950,82000,82050,82100,82150,82200,82250,82300,82350,82400,82450,82500,82550,82600,82650,82700,82750,82800,82850,82900,82950,83000,83050,83100,83150,83200,83250,83300,83350,83400,83450,83500,83550,83600,83650,83700,83750,83800,83850,83900,83950,84000,84050,84100,84150,84200,84250,84300,84350,84400,84450,84500,84550,84600,84650,84700,84750,84800,84850,84900,84950,85000,85050,85100,85150,85200,85250,85300,85350,85400,85450,85500,85550,85600,85650,85700,85750,85800,85850,85900,85950,86000,86050,86100,86150,86200,86250,86300,86350,86400,86450,86500,86550,86600,86650,86700,86750,86800,86850,86900,86950,87000,87050,87100,87150,87200,87250,87300,87350,87400,87450,87500,87550,87600,87650,87700,87750,87800,87850,87900,87950,88000,88050,88100,88150,88200,88250,88300,88350,88400,88450,88500,88550,88600,88650,88700,88750,88800,88850,88900,88950,89000,89050,89100,89150,89200,89250,89300,89350,89400,89450,89500,89550,89600,89650,89700,89750,89800,89850,89900,89950,90000,90050,90100,90150,90200,90250,90300,90350,90400,90450,90500,90550,90600,90650,90700,90750,90800,90850,90900,90950,91000,91050,91100,91150,91200,91250,91300,91350,91400,91450,91500,91550,91600,91650,91700,91750,91800,91850,91900,91950,92000,92050,92100,92150,92200,92250,92300,92350,92400,92450,92500,92550,92600,92650,92700,92750,92800,92850,92900,92950,93000,93050,93100,93150,93200,93250,93300,93350,93400,93450,93500,93550,93600,93650,93700,93750,93800,93850,93900,93950,94000,94050,94100,94150,94200,94250,94300,94350,94400,94450,94500,94550,94600,94650,94700,94750,94800,94850,94900,94950,95000,95050,95100,95150,95200,95250,95300,95350,95400,95450,95500,95550,95600,95650,95700,95750,95800,95850,95900,95950,96000,96050,96100,96150,96200,96250,96300,96350,96400,96450,96500,96550,96600,96650,96700,96750,96800,96850,96900,96950,97000,97050,97100,97150,97200,97250,97300,97350,97400,97450,97500,97550,97600,97650,97700,97750,97800,97850,97900,97950,98000,98050,98100,98150,98200,98250,98300,98350,98400,98450,98500,98550,98600,98650,98700,98750,98800,98850,98900,98950,99000,99050,99100,99150,99200,99250,99300,99350,99400,99450,99500,99550,99600,99650,99700,99750,99800,99850,99900,99950,100000,100050,100100,100150,100200,100250,100300,100350,100400,100450,100500,100550,100600,100650,100700,100750,100800,100850,100900,100950,101000,101050,101100,101150,101200,101250,101300,101350,101400,101450,101500,101550,101600,101650,101700,101750,101800,101850,101900,101950,102000,102050,102100,102150,102200,102250,102300,102350,102400,102450,102500,102550,102600,102650,102700,102750,102800,102850,102900,102950,103000,103050,103100,103150,103200,103250,103300,103350,103400,103450,103500,103550,103600,103650,103700,103750,103800,103850,103900,103950,104000,104050,104100,104150,104200,104250,104300,104350,104400,104450,104500,104550,104600,104650,104700,104750,104800,104850,104900,104950,105000,105050,105100,105150,105200,105250,105300,105350,105400,105450,105500,105550,105600,105650,105700,105750,105800,105850,105900,105950,106000,106050,106100,106150,106200,106250,106300,106350,106400,106450,106500,106550,106600,106650,106700,106750,106800,106850,106900,106950,107000,107050,107100,107150,107200,107250,107300,107350,107400,107450,107500,107550,107600,107650,107700,107750,107800,107850,107900,107950,108000,108050,108100,108150,108200,108250,108300,108350,108400,108450,108500,108550,108600,108650,108700,108750,108800,108850,108900,108950,109000,109050,109100,109150,109200,109250,109300,109350,109400,109450,109500,109550,109600,109650,109700,109750,109800,109850,109900,109950,110000,110050,110100,110150,110200,110250,110300,110350,110400,110450,110500,110550,110600,110650,110700,110750,110800,110850,110900,110950,111000,111050,111100,111150,111200,111250,111300,111350,111400,111450,111500,111550,111600,111650,111700,111750,111800,111850,111900,111950,112000,112050,112100,112150,112200,112250,112300,112350,112400,112450,112500,112550,112600,112650,112700,112750,112800,112850,112900,112950,113000,113050,113100,113150,113200,113250,113300,113350,113400,113450,113500,113550,113600,113650,113700,113750,113800,113850,113900,113950,114000,114050,114100,114150,114200,114250,114300,114350,114400,114450,114500,114550,114600,114650,114700,114750,114800,114850,114900,114950,115000,115050,115100,115150,115200,115250,115300,115350,115400,115450,115500,115550,115600,115650,115700,115750,115800,115850,115900,115950,116000,116050,116100,116150,116200,116250,116300,116350,116400,116450,116500,116550,116600,116650,116700,116750,116800,116850,116900,116950,117000,117050,117100,117150,117200,117250,117300,117350,117400,117450,117500,117550,117600,117650,117700,117750,117800,117850,117900,117950,118000,118050,118100,118150,118200,118250,118300,118350,118400,118450,118500,118550,118600,118650,118700,118750,118800,118850,118900,118950,119000,119050,119100,119150,119200,119250,119300,119350,119400,119450,119500,119550,119600,119650,119700,119750,119800,119850,119900,119950,120000,120050,120100,120150,120200,120250,120300,120350,120400,120450,120500,120550,120600,120650,120700,120750,120800,120850,120900,120950,121000,121050,121100,121150,121200,121250,121300,121350,121400,121450,121500,121550,121600,121650,121700,121750,121800,121850,121900,121950,122000,122050,122100,122150,122200,122250,122300,122350,122400,122450,122500,122550,122600,122650,122700,122750,122800,122850,122900,122950,123000,123050,123100,123150,123200,123250,123300,123350,123400,123450,123500,123550,123600,123650,123700,123750,123800,123850,123900,123950,124000,124050,124100,124150,124200,124250,124300,124350,124400,124450,124500,124550,124600,124650,124700,124750,124800,124850,124900,124950,125000,125050,125100,125150,125200,125250,125300,125350,125400,125450,125500,125550,125600,125650,125700,125750,125800,125850,125900,125950,126000,126050,126100,126150,126200,126250,126300,126350,126400,126450,126500,126550,126600,126650,126700,126750,126800,126850,126900,126950,127000,127050,127100,127150,127200,127250,127300,127350,127400,127450,127500,127550,127600,127650,127700,127750,127800,127850,127900,127950,128000,128050,128100,128150,128200,128250,128300,128350,128400,128450,128500,128550,128600,128650,128700,128750,128800,128850,128900,128950,129000,129050,129100,129150,129200,129250,129300,129350,129400,129450,129500,129550,129600,129650,129700,129750,129800,129850,129900,129950,130000,130050,130100,130150,130200,130250,130300,130350,130400,130450,130500,130550,130600,130650,130700,130750,130800,130850,130900,130950,131000,131050,131100,131150,131200,131250,131300,131350,131400,131450,131500,131550,131600,131650,131700,131750,131800,131850,131900,131950,132000,132050,132100,132150,132200,132250,132300,132350,132400,132450,132500,132550,132600,132650,132700,132750,132800,132850,132900,132950,133000,133050,133100,133150,133200,133250,133300,133350,133400,133450,133500,133550,133600,133650,133700,133750,133800,133850,133900,133950,134000,134050,134100,134150,134200,134250,134300,134350,134400,134450,134500,134550,134600,134650,134700,134750,134800,134850,134900,134950,135000,135050,135100,135150,135200,135250,135300,135350,135400,135450,135500,135550,135600,135650,135700,135750,135800,135850,135900,135950,136000,136050,136100,136150,136200,136250,136300,136350,136400,136450,136500,136550,136600,136650,136700,136750,136800,136850,136900,136950,137000,137050,137100,137150,137200,137250,137300,137350,137400,137450,137500,137550,137600,137650,137700,137750,137800,137850,137900,137950,138000,138050,138100,138150,138200,138250,138300,138350,138400,138450,138500,138550,138600,138650,138700,138750,138800,138850,138900,138950,139000,139050,139100,139150,139200,139250,139300,139350,139400,139450,139500,139550,139600,139650,139700,139750,139800,139850,139900,139950,140000,140050,140100,140150,140200,140250,140300,140350,140400,140450,140500,140550,140600,140650,140700,140750,140800,140850,140900,140950,141000,141050,141100,141150,141200,141250,141300,141350,141400,141450,141500,141550,141600,141650,141700,141750,141800,141850,141900,141950,142000,142050,142100,142150,142200,142250,142300,142350,142400,142450,142500,142550,142600,142650,142700,142750,142800,142850,142900,142950,143000,143050,143100,143150,143200,143250,143300,143350,143400,143450,143500,143550,143600,143650,143700,143750,143800,143850,143900,143950,144000,144050,144100,144150,144200,144250,144300,144350,144400,144450,144500,144550,144600,144650,144700,144750,144800,144850,144900,144950,145000,145050,145100,145150,145200,145250,145300,145350,145400,145450,145500,145550,145600,145650,145700,145750,145800,145850,145900,145950,146000,146050,146100,146150,146200,146250,146300,146350,146400,146450,146500,146550,146600,146650,146700,146750,146800,146850,146900,146950,147000,147050,147100,147150,147200,147250,147300,147350,147400,147450,147500,147550,147600,147650,147700,147750,147800,147850,147900,147950,148000,148050,148100,148150,148200,148250,148300,148350,148400,148450,148500,148550,148600,148650,148700,148750,148800,148850,148900,148950,149000,149050,149100,149150,149200,149250,149300,149350,149400,149450,149500,149550,149600,149650,149700,149750,149800,149850,149900,149950,150000,150050,150100,150150,150200,150250,150300,150350,150400,150450,150500,150550,150600,150650,150700,150750,150800,150850,150900,150950,151000,151050,151100,151150,151200,151250,151300,151350,151400,151450,151500,151550,151600,151650,151700,151750,151800,151850,151900,151950,152000,152050,152100,152150,152200,152250,152300,152350,152400,152450,152500,152550,152600,152650,152700,152750,152800,152850,152900,152950,153000,153050,153100,153150,153200,153250,153300,153350,153400,153450,153500,153550,153600,153650,153700,153750,153800,153850,153900,153950,154000,154050,154100,154150,154200,154250,154300,154350,154400,154450,154500,154550,154600,154650,154700,154750,154800,154850,154900,154950,155000,155050,155100,155150,155200,155250,155300,155350,155400,155450,155500,155550,155600,155650,155700,155750,155800,155850,155900,155950,156000,156050,156100,156150,156200,156250,156300,156350,156400,156450,156500,156550,156600,156650,156700,156750,156800,156850,156900,156950,157000,157050,157100,157150,157200,157250,157300,157350,157400,157450,157500,157550,157600,157650,157700,157750,157800,157850,157900,157950,158000,158050,158100,158150,158200,158250,158300,158350,158400,158450,158500,158550,158600,158650,158700,158750,158800,158850,158900,158950,159000,159050,159100,159150,159200,159250,159300,159350,159400,159450,159500,159550,159600,159650,159700,159750,159800,159850,159900,159950,160000,160050,160100,160150,160200,160250,160300,160350,160400,160450,160500,160550,160600,160650,160700,160750,160800,160850,160900,160950,161000,161050,161100,161150,161200,161250,161300,161350,161400,161450,161500,161550,161600,161650,161700,161750,161800,161850,161900,161950,162000,162050,162100,162150,162200,162250,162300,162350,162400,162450,162500,162550,162600,162650,162700,162750,162800,162850,162900,162950,163000,163050,163100,163150,163200,163250,163300,163350,163400,163450,163500,163550,163600,163650,163700,163750,163800,163850,163900,163950,164000,164050,164100,164150,164200,164250,164300,164350,164400,164450,164500,164550,164600,164650,164700,164750,164800,164850,164900,164950,165000,165050,165100,165150,165200,165250,165300,165350,165400,165450,165500,165550,165600,165650,165700,165750,165800,165850,165900,165950,166000,166050,166100,166150,166200,166250,166300,166350,166400,166450,166500,166550,166600,166650,166700,166750,166800,166850,166900,166950,167000,167050,167100,167150,167200,167250,167300,167350,167400,167450,167500,167550,167600,167650,167700,167750,167800,167850,167900,167950,168000,168050,168100,168150,168200,168250,168300,168350,168400,168450,168500,168550,168600,168650,168700,168750,168800,168850,168900,168950,169000,169050,169100,169150,169200,169250,169300,169350,169400,169450,169500,169550,169600,169650,169700,169750,169800,169850,169900,169950,170000,170050,170100,170150,170200,170250,170300,170350,170400,170450,170500,170550,170600,170650,170700,170750,170800,170850,170900,170950,171000,171050,171100,171150,171200,171250,171300,171350,171400,171450,171500,171550,171600,171650,171700,171750,171800,171850,171900,171950,172000,172050,172100,172150,172200,172250,172300,172350,172400,172450,172500,172550,172600,172650,172700,172750,172800,172850,172900,172950,173000,173050,173100,173150,173200,173250,173300,173350,173400,173450,173500,173550,173600,173650,173700,173750,173800,173850,173900,173950,174000,174050,174100,174150,174200,174250,174300,174350,174400,174450,174500,174550,174600,174650,174700,174750,174800,174850,174900,174950,175000,175050,175100,175150,175200,175250,175300,175350,175400,175450,175500,175550,175600,175650,175700,175750,175800,175850,175900,175950,176000,176050,176100,176150,176200,176250,176300,176350,176400,176450,176500,176550,176600,176650,176700,176750,176800,176850,176900,176950,177000,177050,177100,177150,177200,177250,177300,177350,177400,177450,177500,177550,177600,177650,177700,177750,177800,177850,177900,177950,178000,178050,178100,178150,178200,178250,178300,178350,178400,178450,178500,178550,178600,178650,178700,178750,178800,178850,178900,178950,179000,179050,179100,179150,179200,179250,179300,179350,179400,179450,179500,179550,179600,179650,179700,179750,179800,179850,179900,179950,180000,180050,180100,180150,180200,180250,180300,180350,180400,180450,180500,180550,180600,180650,180700,180750,180800,180850,180900,180950,181000,181050,181100,181150,181200,181250,181300,181350,181400,181450,181500,181550,181600,181650,181700,181750,181800,181850,181900,181950,182000,182050,182100,182150,182200,182250,182300,182350,182400,182450,182500,182550,182600,182650,182700,182750,182800,182850,182900,182950,183000,183050,183100,183150,183200,183250,183300,183350,183400,183450,183500,183550,183600,183650,183700,183750,183800,183850,183900,183950,184000,184050,184100,184150,184200,184250,184300,184350,184400,184450,184500,184550,184600,184650,184700,184750,184800,184850,184900,184950,185000,185050,185100,185150,185200,185250,185300,185350,185400,185450,185500,185550,185600,185650,185700,185750,185800,185850,185900,185950,186000,186050,186100,186150,186200,186250,186300,186350,186400,186450,186500,186550,186600,186650,186700,186750,186800,186850,186900,186950,187000,187050,187100,187150,187200,187250,187300,187350,187400,187450,187500,187550,187600,187650,187700,187750,187800,187850,187900,187950,188000,188050,188100,188150,188200,188250,188300,188350,188400,188450,188500,188550,188600,188650,188700,188750,188800,188850,188900,188950,189000,189050,189100,189150,189200,189250,189300,189350,189400,189450,189500,189550,189600,189650,189700,189750,189800,189850,189900,189950,190000,190050,190100,190150,190200,190250,190300,190350,190400,190450,190500,190550,190600,190650,190700,190750,190800,190850,190900,190950,191000,191050,191100,191150,191200,191250,191300,191350,191400,191450,191500,191550,191600,191650,191700,191750,191800,191850,191900,191950,192000,192050,192100,192150,192200,192250,192300,192350,192400,192450,192500,192550,192600,192650,192700,192750,192800,192850,192900,192950,193000,193050,193100,193150,193200,193250,193300,193350,193400,193450,193500,193550,193600,193650,193700,193750,193800,193850,193900,193950,194000,194050,194100,194150,194200,194250,194300,194350,194400,194450,194500,194550,194600,194650,194700,194750,194800,194850,194900,194950,195000,195050,195100,195150,195200,195250,195300,195350,195400,195450,195500,195550,195600,195650,195700,195750,195800,195850,195900,195950,196000,196050,196100,196150,196200,196250,196300,196350,196400,196450,196500,196550,196600,196650,196700,196750,196800,196850,196900,196950,197000,197050,197100,197150,197200,197250,197300,197350,197400,197450,197500,197550,197600,197650,197700,197750,197800,197850,197900,197950,198000,198050,198100,198150,198200,198250,198300,198350,198400,198450,198500,198550,198600,198650,198700,198750,198800,198850,198900,198950,199000,199050,199100,199150,199200,199250,199300,199350,199400,199450,199500,199550,199600,199650,199700,199750,199800,199850,199900,199950,200000,200050,200100,200150,200200,200250,200300,200350,200400,200450,200500,200550,200600,200650,200700,200750,200800,200850,200900,200950,201000,201050,201100,201150,201200,201250,201300,201350,201400,201450,201500,201550,201600,201650,201700,201750,201800,201850,201900,201950,202000,202050,202100,202150,202200,202250,202300,202350,202400,202450,202500,202550,202600,202650,202700,202750,202800,202850,202900,202950,203000,203050,203100,203150,203200,203250,203300,203350,203400,203450,203500,203550,203600,203650,203700,203750,203800,203850,203900,203950,204000,204050,204100,204150,204200,204250,204300,204350,204400,204450,204500,204550,204600,204650,204700,204750,204800,204850,204900,204950,205000,205050,205100,205150,205200,205250,205300,205350,205400,205450,205500,205550,205600,205650,205700,205750,205800,205850,205900,205950,206000,206050,206100,206150,206200,206250,206300,206350,206400,206450,206500,206550,206600,206650,206700,206750,206800,206850,206900,206950,207000,207050,207100,207150,207200,207250,207300,207350,207400,207450,207500,207550,207600,207650,207700,207750,207800,207850,207900,207950,208000,208050,208100,208150,208200,208250,208300,208350,208400,208450,208500,208550,208600,208650,208700,208750,208800,208850,208900,208950,209000,209050,209100,209150,209200,209250,209300,209350,209400,209450,209500,209550,209600,209650,209700,209750,209800,209850,209900,209950,210000,210050,210100,210150,210200,210250,210300,210350,210400,210450,210500,210550,210600,210650,210700,210750,210800,210850,210900,210950,211000,211050,211100,211150,211200,211250,211300,211350,211400,211450,211500,211550,211600,211650,211700,211750,211800,211850,211900,211950,212000,212050,212100,212150,212200,212250,212300,212350,212400,212450,212500,212550,212600,212650,212700,212750,212800,212850,212900,212950,213000,213050,213100,213150,213200,213250,213300,213350,213400,213450,213500,213550,213600,213650,213700,213750,213800,213850,213900,213950,214000,214050,214100,214150,214200,214250,214300,214350,214400,214450,214500,214550,214600,214650,214700,214750,214800,214850,214900,214950,215000,215050,215100,215150,215200,215250,215300,215350,215400,215450,215500,215550,215600,215650,215700,215750,215800,215850,215900,215950,216000,216050,216100,216150,216200,216250,216300,216350,216400,216450,216500,216550,216600,216650,216700,216750,216800,216850,216900,216950,217000,217050,217100,217150,217200,217250,217300,217350,217400,217450,217500,217550,217600,217650,217700,217750,217800,217850,217900,217950,218000,218050,218100,218150,218200,218250,218300,218350,218400,218450,218500,218550,218600,218650,218700,218750,218800,218850,218900,218950,219000,219050,219100,219150,219200,219250,219300,219350,219400,219450,219500,219550,219600,219650,219700,219750,219800,219850,219900,219950,220000,220050,220100,220150,220200,220250,220300,220350,220400,220450,220500,220550,220600,220650,220700,220750,220800,220850,220900,220950,221000,221050,221100,221150,221200,221250,221300,221350,221400,221450,221500,221550,221600,221650,221700,221750,221800,221850,221900,221950,222000,222050,222100,222150,222200,222250,222300,222350,222400,222450,222500,222550,222600,222650,222700,222750,222800,222850,222900,222950,223000,223050,223100,223150,223200,223250,223300,223350,223400,223450,223500,223550,223600,223650,223700,223750,223800,223850,223900,223950,224000,224050,224100,224150,224200,224250,224300,224350,224400,224450,224500,224550,224600,224650,224700,224750,224800,224850,224900,224950,225000,225050,225100,225150,225200,225250,225300,225350,225400,225450,225500,225550,225600,225650,225700,225750,225800,225850,225900,225950,226000,226050,226100,226150,226200,226250,226300,226350,226400,226450,226500,226550,226600,226650,226700,226750,226800,226850,226900,226950,227000,227050,227100,227150,227200,227250,227300,227350,227400,227450,227500,227550,227600,227650,227700,227750,227800,227850,227900,227950,228000,228050,228100,228150,228200,228250,228300,228350,228400,228450,228500,228550,228600,228650,228700,228750,228800,228850,228900,228950,229000,229050,229100,229150,229200,229250,229300,229350,229400,229450,229500,229550,229600,229650,229700,229750,229800,229850,229900,229950,230000,230050,230100,230150,230200,230250,230300,230350,230400,230450,230500,230550,230600,230650,230700,230750,230800,230850,230900,230950,231000,231050,231100,231150,231200,231250,231300,231350,231400,231450,231500,231550,231600,231650,231700,231750,231800,231850,231900,231950,232000,232050,232100,232150,232200,232250,232300,232350,232400,232450,232500,232550,232600,232650,232700,232750,232800,232850,232900,232950,233000,233050,233100,233150,233200,233250,233300,233350,233400,233450,233500,233550,233600,233650,233700,233750,233800,233850,233900,233950,234000,234050,234100,234150,234200,234250,234300,234350,234400,234450,234500,234550,234600,234650,234700,234750,234800,234850,234900,234950,235000,235050,235100,235150,235200,235250,235300,235350,235400,235450,235500,235550,235600,235650,235700,235750,235800,235850,235900,235950,236000,236050,236100,236150,236200,236250,236300,236350,236400,236450,236500,236550,236600,236650,236700,236750,236800,236850,236900,236950,237000,237050,237100,237150,237200,237250,237300,237350,237400,237450,237500,237550,237600,237650,237700,237750,237800,237850,237900,237950,238000,238050,238100,238150,238200,238250,238300,238350,238400,238450,238500,238550,238600,238650,238700,238750,238800,238850,238900,238950,239000,239050,239100,239150,239200,239250,239300,239350,239400,239450,239500,239550,239600,239650,239700,239750,239800,239850,239900,239950,240000,240050,240100,240150,240200,240250,240300,240350,240400,240450,240500,240550,240600,240650,240700,240750,240800,240850,240900,240950,241000,241050,241100,241150,241200,241250,241300,241350,241400,241450,241500,241550,241600,241650,241700,241750,241800,241850,241900,241950,242000,242050,242100,242150,242200,242250,242300,242350,242400,242450,242500,242550,242600,242650,242700,242750,242800,242850,242900,242950,243000,243050,243100,243150,243200,243250,243300,243350,243400,243450,243500,243550,243600,243650,243700,243750,243800,243850,243900,243950,244000,244050,244100,244150,244200,244250,244300,244350,244400,244450,244500,244550,244600,244650,244700,244750,244800,244850,244900,244950,245000,245050,245100,245150,245200,245250,245300,245350,245400,245450,245500,245550,245600,245650,245700,245750,245800,245850,245900,245950,246000,246050,246100,246150,246200,246250,246300,246350,246400,246450,246500,246550,246600,246650,246700,246750,246800,246850,246900,246950,247000,247050,247100,247150,247200,247250,247300,247350,247400,247450,247500,247550,247600,247650,247700,247750,247800,247850,247900,247950,248000,248050,248100,248150,248200,248250,248300,248350,248400,248450,248500,248550,248600,248650,248700,248750,248800,248850,248900,248950,249000,249050,249100,249150,249200,249250,249300,249350,249400,249450,249500,249550,249600,249650,249700,249750,249800,249850,249900,249950,250000
n_training_steps_elapsed,25000,50000,75000,100000,125000,150000,175000,200000,225000,250000,275000,300000,325000,350000,375000,400000,425000,450000,475000,500000,525000,550000,575000,600000,625000,650000,675000,700000,725000,750000,775000,800000,825000,850000,875000,900000,925000,950000,975000,1000000,1025000,1050000,1075000,1100000,1125000,1150000,1175000,1200000,1225000,1250000,1275000,1300000,1325000,1350000,1375000,1400000,1425000,1450000,1475000,1500000,1525000,1550000,1575000,1600000,1625000,1650000,1675000,1700000,1725000,1750000,1775000,1800000,1825000,1850000,1875000,1900000,1925000,1950000,1975000,2000000,2025000,2050000,2075000,2100000,2125000,2150000,2175000,2200000,2225000,2250000,2275000,2300000,2325000,2350000,2375000,2400000,2425000,2450000,2475000,2500000,2525000,2550000,2575000,2600000,2625000,2650000,2675000,2700000,2725000,2750000,2775000,2800000,2825000,2850000,2875000,2900000,2925000,2950000,2975000,3000000,3025000,3050000,3075000,3100000,3125000,3150000,3175000,3200000,3225000,3250000,3275000,3300000,3325000,3350000,3375000,3400000,3425000,3450000,3475000,3500000,3525000,3550000,3575000,3600000,3625000,3650000,3675000,3700000,3725000,3750000,3775000,3800000,3825000,3850000,3875000,3900000,3925000,3950000,3975000,4000000,4025000,4050000,4075000,4100000,4125000,4150000,4175000,4200000,4225000,4250000,4275000,4300000,4325000,4350000,4375000,4400000,4425000,4450000,4475000,4500000,4525000,4550000,4575000,4600000,4625000,4650000,4675000,4700000,4725000,4750000,4775000,4800000,4825000,4850000,4875000,4900000,4925000,4950000,4975000,5000000,5025000,5050000,5075000,5100000,5125000,5150000,5175000,5200000,5225000,5250000,5275000,5300000,5325000,5350000,5375000,5400000,5425000,5450000,5475000,5500000,5525000,5550000,5575000,5600000,5625000,5650000,5675000,5700000,5725000,5750000,5775000,5800000,5825000,5850000,5875000,5900000,5925000,5950000,5975000,6000000,6025000,6050000,6075000,6100000,6125000,6150000,6175000,6200000,6225000,6250000,6275000,6300000,6325000,6350000,6375000,6400000,6425000,6450000,6475000,6500000,6525000,6550000,6575000,6600000,6625000,6650000,6675000,6700000,6725000,6750000,6775000,6800000,6825000,6850000,6875000,6900000,6925000,6950000,6975000,7000000,7025000,7050000,7075000,7100000,7125000,7150000,7175000,7200000,7225000,7250000,7275000,7300000,7325000,7350000,7375000,7400000,7425000,7450000,7475000,7500000,7525000,7550000,7575000,7600000,7625000,7650000,7675000,7700000,7725000,7750000,7775000,7800000,7825000,7850000,7875000,7900000,7925000,7950000,7975000,8000000,8025000,8050000,8075000,8100000,8125000,8150000,8175000,8200000,8225000,8250000,8275000,8300000,8325000,8350000,8375000,8400000,8425000,8450000,8475000,8500000,8525000,8550000,8575000,8600000,8625000,8650000,8675000,8700000,8725000,8750000,8775000,8800000,8825000,8850000,8875000,8900000,8925000,8950000,8975000,9000000,9025000,9050000,9075000,9100000,9125000,9150000,9175000,9200000,9225000,9250000,9275000,9300000,9325000,9350000,9375000,9400000,9425000,9450000,9475000,9500000,9525000,9550000,9575000,9600000,9625000,9650000,9675000,9700000,9725000,9750000,9775000,9800000,9825000,9850000,9875000,9900000,9925000,9950000,9975000,10000000,10025000,10050000,10075000,10100000,10125000,10150000,10175000,10200000,10225000,10250000,10275000,10300000,10325000,10350000,10375000,10400000,10425000,10450000,10475000,10500000,10525000,10550000,10575000,10600000,10625000,10650000,10675000,10700000,10725000,10750000,10775000,10800000,10825000,10850000,10875000,10900000,10925000,10950000,10975000,11000000,11025000,11050000,11075000,11100000,11125000,11150000,11175000,11200000,11225000,11250000,11275000,11300000,11325000,11350000,11375000,11400000,11425000,11450000,11475000,11500000,11525000,11550000,11575000,11600000,11625000,11650000,11675000,11700000,11725000,11750000,11775000,11800000,11825000,11850000,11875000,11900000,11925000,11950000,11975000,12000000,12025000,12050000,12075000,12100000,12125000,12150000,12175000,12200000,12225000,12250000,12275000,12300000,12325000,12350000,12375000,12400000,12425000,12450000,12475000,12500000,12525000,12550000,12575000,12600000,12625000,12650000,12675000,12700000,12725000,12750000,12775000,12800000,12825000,12850000,12875000,12900000,12925000,12950000,12975000,13000000,13025000,13050000,13075000,13100000,13125000,13150000,13175000,13200000,13225000,13250000,13275000,13300000,13325000,13350000,13375000,13400000,13425000,13450000,13475000,13500000,13525000,13550000,13575000,13600000,13625000,13650000,13675000,13700000,13725000,13750000,13775000,13800000,13825000,13850000,13875000,13900000,13925000,13950000,13975000,14000000,14025000,14050000,14075000,14100000,14125000,14150000,14175000,14200000,14225000,14250000,14275000,14300000,14325000,14350000,14375000,14400000,14425000,14450000,14475000,14500000,14525000,14550000,14575000,14600000,14625000,14650000,14675000,14700000,14725000,14750000,14775000,14800000,14825000,14850000,14875000,14900000,14925000,14950000,14975000,15000000,15025000,15050000,15075000,15100000,15125000,15150000,15175000,15200000,15225000,15250000,15275000,15300000,15325000,15350000,15375000,15400000,15425000,15450000,15475000,15500000,15525000,15550000,15575000,15600000,15625000,15650000,15675000,15700000,15725000,15750000,15775000,15800000,15825000,15850000,15875000,15900000,15925000,15950000,15975000,16000000,16025000,16050000,16075000,16100000,16125000,16150000,16175000,16200000,16225000,16250000,16275000,16300000,16325000,16350000,16375000,16400000,16425000,16450000,16475000,16500000,16525000,16550000,16575000,16600000,16625000,16650000,16675000,16700000,16725000,16750000,16775000,16800000,16825000,16850000,16875000,16900000,16925000,16950000,16975000,17000000,17025000,17050000,17075000,17100000,17125000,17150000,17175000,17200000,17225000,17250000,17275000,17300000,17325000,17350000,17375000,17400000,17425000,17450000,17475000,17500000,17525000,17550000,17575000,17600000,17625000,17650000,17675000,17700000,17725000,17750000,17775000,17800000,17825000,17850000,17875000,17900000,17925000,17950000,17975000,18000000,18025000,18050000,18075000,18100000,18125000,18150000,18175000,18200000,18225000,18250000,18275000,18300000,18325000,18350000,18375000,18400000,18425000,18450000,18475000,18500000,18525000,18550000,18575000,18600000,18625000,18650000,18675000,18700000,18725000,18750000,18775000,18800000,18825000,18850000,18875000,18900000,18925000,18950000,18975000,19000000,19025000,19050000,19075000,19100000,19125000,19150000,19175000,19200000,19225000,19250000,19275000,19300000,19325000,19350000,19375000,19400000,19425000,19450000,19475000,19500000,19525000,19550000,19575000,19600000,19625000,19650000,19675000,19700000,19725000,19750000,19775000,19800000,19825000,19850000,19875000,19900000,19925000,19950000,19975000,20000000,20025000,20050000,20075000,20100000,20125000,20150000,20175000,20200000,20225000,20250000,20275000,20300000,20325000,20350000,20375000,20400000,20425000,20450000,20475000,20500000,20525000,20550000,20575000,20600000,20625000,20650000,20675000,20700000,20725000,20750000,20775000,20800000,20825000,20850000,20875000,20900000,20925000,20950000,20975000,21000000,21025000,21050000,21075000,21100000,21125000,21150000,21175000,21200000,21225000,21250000,21275000,21300000,21325000,21350000,21375000,21400000,21425000,21450000,21475000,21500000,21525000,21550000,21575000,21600000,21625000,21650000,21675000,21700000,21725000,21750000,21775000,21800000,21825000,21850000,21875000,21900000,21925000,21950000,21975000,22000000,22025000,22050000,22075000,22100000,22125000,22150000,22175000,22200000,22225000,22250000,22275000,22300000,22325000,22350000,22375000,22400000,22425000,22450000,22475000,22500000,22525000,22550000,22575000,22600000,22625000,22650000,22675000,22700000,22725000,22750000,22775000,22800000,22825000,22850000,22875000,22900000,22925000,22950000,22975000,23000000,23025000,23050000,23075000,23100000,23125000,23150000,23175000,23200000,23225000,23250000,23275000,23300000,23325000,23350000,23375000,23400000,23425000,23450000,23475000,23500000,23525000,23550000,23575000,23600000,23625000,23650000,23675000,23700000,23725000,23750000,23775000,23800000,23825000,23850000,23875000,23900000,23925000,23950000,23975000,24000000,24025000,24050000,24075000,24100000,24125000,24150000,24175000,24200000,24225000,24250000,24275000,24300000,24325000,24350000,24375000,24400000,24425000,24450000,24475000,24500000,24525000,24550000,24575000,24600000,24625000,24650000,24675000,24700000,24725000,24750000,24775000,24800000,24825000,24850000,24875000,24900000,24925000,24950000,24975000,25000000,25025000,25050000,25075000,25100000,25125000,25150000,25175000,25200000,25225000,25250000,25275000,25300000,25325000,25350000,25375000,25400000,25425000,25450000,25475000,25500000,25525000,25550000,25575000,25600000,25625000,25650000,25675000,25700000,25725000,25750000,25775000,25800000,25825000,25850000,25875000,25900000,25925000,25950000,25975000,26000000,26025000,26050000,26075000,26100000,26125000,26150000,26175000,26200000,26225000,26250000,26275000,26300000,26325000,26350000,26375000,26400000,26425000,26450000,26475000,26500000,26525000,26550000,26575000,26600000,26625000,26650000,26675000,26700000,26725000,26750000,26775000,26800000,26825000,26850000,26875000,26900000,26925000,26950000,26975000,27000000,27025000,27050000,27075000,27100000,27125000,27150000,27175000,27200000,27225000,27250000,27275000,27300000,27325000,27350000,27375000,27400000,27425000,27450000,27475000,27500000,27525000,27550000,27575000,27600000,27625000,27650000,27675000,27700000,27725000,27750000,27775000,27800000,27825000,27850000,27875000,27900000,27925000,27950000,27975000,28000000,28025000,28050000,28075000,28100000,28125000,28150000,28175000,28200000,28225000,28250000,28275000,28300000,28325000,28350000,28375000,28400000,28425000,28450000,28475000,28500000,28525000,28550000,28575000,28600000,28625000,28650000,28675000,28700000,28725000,28750000,28775000,28800000,28825000,28850000,28875000,28900000,28925000,28950000,28975000,29000000,29025000,29050000,29075000,29100000,29125000,29150000,29175000,29200000,29225000,29250000,29275000,29300000,29325000,29350000,29375000,29400000,29425000,29450000,29475000,29500000,29525000,29550000,29575000,29600000,29625000,29650000,29675000,29700000,29725000,29750000,29775000,29800000,29825000,29850000,29875000,29900000,29925000,29950000,29975000,30000000,30025000,30050000,30075000,30100000,30125000,30150000,30175000,30200000,30225000,30250000,30275000,30300000,30325000,30350000,30375000,30400000,30425000,30450000,30475000,30500000,30525000,30550000,30575000,30600000,30625000,30650000,30675000,30700000,30725000,30750000,30775000,30800000,30825000,30850000,30875000,30900000,30925000,30950000,30975000,31000000,31025000,31050000,31075000,31100000,31125000,31150000,31175000,31200000,31225000,31250000,31275000,31300000,31325000,31350000,31375000,31400000,31425000,31450000,31475000,31500000,31525000,31550000,31575000,31600000,31625000,31650000,31675000,31700000,31725000,31750000,31775000,31800000,31825000,31850000,31875000,31900000,31925000,31950000,31975000,32000000,32025000,32050000,32075000,32100000,32125000,32150000,32175000,32200000,32225000,32250000,32275000,32300000,32325000,32350000,32375000,32400000,32425000,32450000,32475000,32500000,32525000,32550000,32575000,32600000,32625000,32650000,32675000,32700000,32725000,32750000,32775000,32800000,32825000,32850000,32875000,32900000,32925000,32950000,32975000,33000000,33025000,33050000,33075000,33100000,33125000,33150000,33175000,33200000,33225000,33250000,33275000,33300000,33325000,33350000,33375000,33400000,33425000,33450000,33475000,33500000,33525000,33550000,33575000,33600000,33625000,33650000,33675000,33700000,33725000,33750000,33775000,33800000,33825000,33850000,33875000,33900000,33925000,33950000,33975000,34000000,34025000,34050000,34075000,34100000,34125000,34150000,34175000,34200000,34225000,34250000,34275000,34300000,34325000,34350000,34375000,34400000,34425000,34450000,34475000,34500000,34525000,34550000,34575000,34600000,34625000,34650000,34675000,34700000,34725000,34750000,34775000,34800000,34825000,34850000,34875000,34900000,34925000,34950000,34975000,35000000,35025000,35050000,35075000,35100000,35125000,35150000,35175000,35200000,35225000,35250000,35275000,35300000,35325000,35350000,35375000,35400000,35425000,35450000,35475000,35500000,35525000,35550000,35575000,35600000,35625000,35650000,35675000,35700000,35725000,35750000,35775000,35800000,35825000,35850000,35875000,35900000,35925000,35950000,35975000,36000000,36025000,36050000,36075000,36100000,36125000,36150000,36175000,36200000,36225000,36250000,36275000,36300000,36325000,36350000,36375000,36400000,36425000,36450000,36475000,36500000,36525000,36550000,36575000,36600000,36625000,36650000,36675000,36700000,36725000,36750000,36775000,36800000,36825000,36850000,36875000,36900000,36925000,36950000,36975000,37000000,37025000,37050000,37075000,37100000,37125000,37150000,37175000,37200000,37225000,37250000,37275000,37300000,37325000,37350000,37375000,37400000,37425000,37450000,37475000,37500000,37525000,37550000,37575000,37600000,37625000,37650000,37675000,37700000,37725000,37750000,37775000,37800000,37825000,37850000,37875000,37900000,37925000,37950000,37975000,38000000,38025000,38050000,38075000,38100000,38125000,38150000,38175000,38200000,38225000,38250000,38275000,38300000,38325000,38350000,38375000,38400000,38425000,38450000,38475000,38500000,38525000,38550000,38575000,38600000,38625000,38650000,38675000,38700000,38725000,38750000,38775000,38800000,38825000,38850000,38875000,38900000,38925000,38950000,38975000,39000000,39025000,39050000,39075000,39100000,39125000,39150000,39175000,39200000,39225000,39250000,39275000,39300000,39325000,39350000,39375000,39400000,39425000,39450000,39475000,39500000,39525000,39550000,39575000,39600000,39625000,39650000,39675000,39700000,39725000,39750000,39775000,39800000,39825000,39850000,39875000,39900000,39925000,39950000,39975000,40000000,40025000,40050000,40075000,40100000,40125000,40150000,40175000,40200000,40225000,40250000,40275000,40300000,40325000,40350000,40375000,40400000,40425000,40450000,40475000,40500000,40525000,40550000,40575000,40600000,40625000,40650000,40675000,40700000,40725000,40750000,40775000,40800000,40825000,40850000,40875000,40900000,40925000,40950000,40975000,41000000,41025000,41050000,41075000,41100000,41125000,41150000,41175000,41200000,41225000,41250000,41275000,41300000,41325000,41350000,41375000,41400000,41425000,41450000,41475000,41500000,41525000,41550000,41575000,41600000,41625000,41650000,41675000,41700000,41725000,41750000,41775000,41800000,41825000,41850000,41875000,41900000,41925000,41950000,41975000,42000000,42025000,42050000,42075000,42100000,42125000,42150000,42175000,42200000,42225000,42250000,42275000,42300000,42325000,42350000,42375000,42400000,42425000,42450000,42475000,42500000,42525000,42550000,42575000,42600000,42625000,42650000,42675000,42700000,42725000,42750000,42775000,42800000,42825000,42850000,42875000,42900000,42925000,42950000,42975000,43000000,43025000,43050000,43075000,43100000,43125000,43150000,43175000,43200000,43225000,43250000,43275000,43300000,43325000,43350000,43375000,43400000,43425000,43450000,43475000,43500000,43525000,43550000,43575000,43600000,43625000,43650000,43675000,43700000,43725000,43750000,43775000,43800000,43825000,43850000,43875000,43900000,43925000,43950000,43975000,44000000,44025000,44050000,44075000,44100000,44125000,44150000,44175000,44200000,44225000,44250000,44275000,44300000,44325000,44350000,44375000,44400000,44425000,44450000,44475000,44500000,44525000,44550000,44575000,44600000,44625000,44650000,44675000,44700000,44725000,44750000,44775000,44800000,44825000,44850000,44875000,44900000,44925000,44950000,44975000,45000000,45025000,45050000,45075000,45100000,45125000,45150000,45175000,45200000,45225000,45250000,45275000,45300000,45325000,45350000,45375000,45400000,45425000,45450000,45475000,45500000,45525000,45550000,45575000,45600000,45625000,45650000,45675000,45700000,45725000,45750000,45775000,45800000,45825000,45850000,45875000,45900000,45925000,45950000,45975000,46000000,46025000,46050000,46075000,46100000,46125000,46150000,46175000,46200000,46225000,46250000,46275000,46300000,46325000,46350000,46375000,46400000,46425000,46450000,46475000,46500000,46525000,46550000,46575000,46600000,46625000,46650000,46675000,46700000,46725000,46750000,46775000,46800000,46825000,46850000,46875000,46900000,46925000,46950000,46975000,47000000,47025000,47050000,47075000,47100000,47125000,47150000,47175000,47200000,47225000,47250000,47275000,47300000,47325000,47350000,47375000,47400000,47425000,47450000,47475000,47500000,47525000,47550000,47575000,47600000,47625000,47650000,47675000,47700000,47725000,47750000,47775000,47800000,47825000,47850000,47875000,47900000,47925000,47950000,47975000,48000000,48025000,48050000,48075000,48100000,48125000,48150000,48175000,48200000,48225000,48250000,48275000,48300000,48325000,48350000,48375000,48400000,48425000,48450000,48475000,48500000,48525000,48550000,48575000,48600000,48625000,48650000,48675000,48700000,48725000,48750000,48775000,48800000,48825000,48850000,48875000,48900000,48925000,48950000,48975000,49000000,49025000,49050000,49075000,49100000,49125000,49150000,49175000,49200000,49225000,49250000,49275000,49300000,49325000,49350000,49375000,49400000,49425000,49450000,49475000,49500000,49525000,49550000,49575000,49600000,49625000,49650000,49675000,49700000,49725000,49750000,49775000,49800000,49825000,49850000,49875000,49900000,49925000,49950000,49975000,50000000,50025000,50050000,50075000,50100000,50125000,50150000,50175000,50200000,50225000,50250000,50275000,50300000,50325000,50350000,50375000,50400000,50425000,50450000,50475000,50500000,50525000,50550000,50575000,50600000,50625000,50650000,50675000,50700000,50725000,50750000,50775000,50800000,50825000,50850000,50875000,50900000,50925000,50950000,50975000,51000000,51025000,51050000,51075000,51100000,51125000,51150000,51175000,51200000,51225000,51250000,51275000,51300000,51325000,51350000,51375000,51400000,51425000,51450000,51475000,51500000,51525000,51550000,51575000,51600000,51625000,51650000,51675000,51700000,51725000,51750000,51775000,51800000,51825000,51850000,51875000,51900000,51925000,51950000,51975000,52000000,52025000,52050000,52075000,52100000,52125000,52150000,52175000,52200000,52225000,52250000,52275000,52300000,52325000,52350000,52375000,52400000,52425000,52450000,52475000,52500000,52525000,52550000,52575000,52600000,52625000,52650000,52675000,52700000,52725000,52750000,52775000,52800000,52825000,52850000,52875000,52900000,52925000,52950000,52975000,53000000,53025000,53050000,53075000,53100000,53125000,53150000,53175000,53200000,53225000,53250000,53275000,53300000,53325000,53350000,53375000,53400000,53425000,53450000,53475000,53500000,53525000,53550000,53575000,53600000,53625000,53650000,53675000,53700000,53725000,53750000,53775000,53800000,53825000,53850000,53875000,53900000,53925000,53950000,53975000,54000000,54025000,54050000,54075000,54100000,54125000,54150000,54175000,54200000,54225000,54250000,54275000,54300000,54325000,54350000,54375000,54400000,54425000,54450000,54475000,54500000,54525000,54550000,54575000,54600000,54625000,54650000,54675000,54700000,54725000,54750000,54775000,54800000,54825000,54850000,54875000,54900000,54925000,54950000,54975000,55000000,55025000,55050000,55075000,55100000,55125000,55150000,55175000,55200000,55225000,55250000,55275000,55300000,55325000,55350000,55375000,55400000,55425000,55450000,55475000,55500000,55525000,55550000,55575000,55600000,55625000,55650000,55675000,55700000,55725000,55750000,55775000,55800000,55825000,55850000,55875000,55900000,55925000,55950000,55975000,56000000,56025000,56050000,56075000,56100000,56125000,56150000,56175000,56200000,56225000,56250000,56275000,56300000,56325000,56350000,56375000,56400000,56425000,56450000,56475000,56500000,56525000,56550000,56575000,56600000,56625000,56650000,56675000,56700000,56725000,56750000,56775000,56800000,56825000,56850000,56875000,56900000,56925000,56950000,56975000,57000000,57025000,57050000,57075000,57100000,57125000,57150000,57175000,57200000,57225000,57250000,57275000,57300000,57325000,57350000,57375000,57400000,57425000,57450000,57475000,57500000,57525000,57550000,57575000,57600000,57625000,57650000,57675000,57700000,57725000,57750000,57775000,57800000,57825000,57850000,57875000,57900000,57925000,57950000,57975000,58000000,58025000,58050000,58075000,58100000,58125000,58150000,58175000,58200000,58225000,58250000,58275000,58300000,58325000,58350000,58375000,58400000,58425000,58450000,58475000,58500000,58525000,58550000,58575000,58600000,58625000,58650000,58675000,58700000,58725000,58750000,58775000,58800000,58825000,58850000,58875000,58900000,58925000,58950000,58975000,59000000,59025000,59050000,59075000,59100000,59125000,59150000,59175000,59200000,59225000,59250000,59275000,59300000,59325000,59350000,59375000,59400000,59425000,59450000,59475000,59500000,59525000,59550000,59575000,59600000,59625000,59650000,59675000,59700000,59725000,59750000,59775000,59800000,59825000,59850000,59875000,59900000,59925000,59950000,59975000,60000000,60025000,60050000,60075000,60100000,60125000,60150000,60175000,60200000,60225000,60250000,60275000,60300000,60325000,60350000,60375000,60400000,60425000,60450000,60475000,60500000,60525000,60550000,60575000,60600000,60625000,60650000,60675000,60700000,60725000,60750000,60775000,60800000,60825000,60850000,60875000,60900000,60925000,60950000,60975000,61000000,61025000,61050000,61075000,61100000,61125000,61150000,61175000,61200000,61225000,61250000,61275000,61300000,61325000,61350000,61375000,61400000,61425000,61450000,61475000,61500000,61525000,61550000,61575000,61600000,61625000,61650000,61675000,61700000,61725000,61750000,61775000,61800000,61825000,61850000,61875000,61900000,61925000,61950000,61975000,62000000,62025000,62050000,62075000,62100000,62125000,62150000,62175000,62200000,62225000,62250000,62275000,62300000,62325000,62350000,62375000,62400000,62425000,62450000,62475000,62500000,62525000,62550000,62575000,62600000,62625000,62650000,62675000,62700000,62725000,62750000,62775000,62800000,62825000,62850000,62875000,62900000,62925000,62950000,62975000,63000000,63025000,63050000,63075000,63100000,63125000,63150000,63175000,63200000,63225000,63250000,63275000,63300000,63325000,63350000,63375000,63400000,63425000,63450000,63475000,63500000,63525000,63550000,63575000,63600000,63625000,63650000,63675000,63700000,63725000,63750000,63775000,63800000,63825000,63850000,63875000,63900000,63925000,63950000,63975000,64000000,64025000,64050000,64075000,64100000,64125000,64150000,64175000,64200000,64225000,64250000,64275000,64300000,64325000,64350000,64375000,64400000,64425000,64450000,64475000,64500000,64525000,64550000,64575000,64600000,64625000,64650000,64675000,64700000,64725000,64750000,64775000,64800000,64825000,64850000,64875000,64900000,64925000,64950000,64975000,65000000,65025000,65050000,65075000,65100000,65125000,65150000,65175000,65200000,65225000,65250000,65275000,65300000,65325000,65350000,65375000,65400000,65425000,65450000,65475000,65500000,65525000,65550000,65575000,65600000,65625000,65650000,65675000,65700000,65725000,65750000,65775000,65800000,65825000,65850000,65875000,65900000,65925000,65950000,65975000,66000000,66025000,66050000,66075000,66100000,66125000,66150000,66175000,66200000,66225000,66250000,66275000,66300000,66325000,66350000,66375000,66400000,66425000,66450000,66475000,66500000,66525000,66550000,66575000,66600000,66625000,66650000,66675000,66700000,66725000,66750000,66775000,66800000,66825000,66850000,66875000,66900000,66925000,66950000,66975000,67000000,67025000,67050000,67075000,67100000,67125000,67150000,67175000,67200000,67225000,67250000,67275000,67300000,67325000,67350000,67375000,67400000,67425000,67450000,67475000,67500000,67525000,67550000,67575000,67600000,67625000,67650000,67675000,67700000,67725000,67750000,67775000,67800000,67825000,67850000,67875000,67900000,67925000,67950000,67975000,68000000,68025000,68050000,68075000,68100000,68125000,68150000,68175000,68200000,68225000,68250000,68275000,68300000,68325000,68350000,68375000,68400000,68425000,68450000,68475000,68500000,68525000,68550000,68575000,68600000,68625000,68650000,68675000,68700000,68725000,68750000,68775000,68800000,68825000,68850000,68875000,68900000,68925000,68950000,68975000,69000000,69025000,69050000,69075000,69100000,69125000,69150000,69175000,69200000,69225000,69250000,69275000,69300000,69325000,69350000,69375000,69400000,69425000,69450000,69475000,69500000,69525000,69550000,69575000,69600000,69625000,69650000,69675000,69700000,69725000,69750000,69775000,69800000,69825000,69850000,69875000,69900000,69925000,69950000,69975000,70000000,70025000,70050000,70075000,70100000,70125000,70150000,70175000,70200000,70225000,70250000,70275000,70300000,70325000,70350000,70375000,70400000,70425000,70450000,70475000,70500000,70525000,70550000,70575000,70600000,70625000,70650000,70675000,70700000,70725000,70750000,70775000,70800000,70825000,70850000,70875000,70900000,70925000,70950000,70975000,71000000,71025000,71050000,71075000,71100000,71125000,71150000,71175000,71200000,71225000,71250000,71275000,71300000,71325000,71350000,71375000,71400000,71425000,71450000,71475000,71500000,71525000,71550000,71575000,71600000,71625000,71650000,71675000,71700000,71725000,71750000,71775000,71800000,71825000,71850000,71875000,71900000,71925000,71950000,71975000,72000000,72025000,72050000,72075000,72100000,72125000,72150000,72175000,72200000,72225000,72250000,72275000,72300000,72325000,72350000,72375000,72400000,72425000,72450000,72475000,72500000,72525000,72550000,72575000,72600000,72625000,72650000,72675000,72700000,72725000,72750000,72775000,72800000,72825000,72850000,72875000,72900000,72925000,72950000,72975000,73000000,73025000,73050000,73075000,73100000,73125000,73150000,73175000,73200000,73225000,73250000,73275000,73300000,73325000,73350000,73375000,73400000,73425000,73450000,73475000,73500000,73525000,73550000,73575000,73600000,73625000,73650000,73675000,73700000,73725000,73750000,73775000,73800000,73825000,73850000,73875000,73900000,73925000,73950000,73975000,74000000,74025000,74050000,74075000,74100000,74125000,74150000,74175000,74200000,74225000,74250000,74275000,74300000,74325000,74350000,74375000,74400000,74425000,74450000,74475000,74500000,74525000,74550000,74575000,74600000,74625000,74650000,74675000,74700000,74725000,74750000,74775000,74800000,74825000,74850000,74875000,74900000,74925000,74950000,74975000,75000000,75025000,75050000,75075000,75100000,75125000,75150000,75175000,75200000,75225000,75250000,75275000,75300000,75325000,75350000,75375000,75400000,75425000,75450000,75475000,75500000,75525000,75550000,75575000,75600000,75625000,75650000,75675000,75700000,75725000,75750000,75775000,75800000,75825000,75850000,75875000,75900000,75925000,75950000,75975000,76000000,76025000,76050000,76075000,76100000,76125000,76150000,76175000,76200000,76225000,76250000,76275000,76300000,76325000,76350000,76375000,76400000,76425000,76450000,76475000,76500000,76525000,76550000,76575000,76600000,76625000,76650000,76675000,76700000,76725000,76750000,76775000,76800000,76825000,76850000,76875000,76900000,76925000,76950000,76975000,77000000,77025000,77050000,77075000,77100000,77125000,77150000,77175000,77200000,77225000,77250000,77275000,77300000,77325000,77350000,77375000,77400000,77425000,77450000,77475000,77500000,77525000,77550000,77575000,77600000,77625000,77650000,77675000,77700000,77725000,77750000,77775000,77800000,77825000,77850000,77875000,77900000,77925000,77950000,77975000,78000000,78025000,78050000,78075000,78100000,78125000,78150000,78175000,78200000,78225000,78250000,78275000,78300000,78325000,78350000,78375000,78400000,78425000,78450000,78475000,78500000,78525000,78550000,78575000,78600000,78625000,78650000,78675000,78700000,78725000,78750000,78775000,78800000,78825000,78850000,78875000,78900000,78925000,78950000,78975000,79000000,79025000,79050000,79075000,79100000,79125000,79150000,79175000,79200000,79225000,79250000,79275000,79300000,79325000,79350000,79375000,79400000,79425000,79450000,79475000,79500000,79525000,79550000,79575000,79600000,79625000,79650000,79675000,79700000,79725000,79750000,79775000,79800000,79825000,79850000,79875000,79900000,79925000,79950000,79975000,80000000,80025000,80050000,80075000,80100000,80125000,80150000,80175000,80200000,80225000,80250000,80275000,80300000,80325000,80350000,80375000,80400000,80425000,80450000,80475000,80500000,80525000,80550000,80575000,80600000,80625000,80650000,80675000,80700000,80725000,80750000,80775000,80800000,80825000,80850000,80875000,80900000,80925000,80950000,80975000,81000000,81025000,81050000,81075000,81100000,81125000,81150000,81175000,81200000,81225000,81250000,81275000,81300000,81325000,81350000,81375000,81400000,81425000,81450000,81475000,81500000,81525000,81550000,81575000,81600000,81625000,81650000,81675000,81700000,81725000,81750000,81775000,81800000,81825000,81850000,81875000,81900000,81925000,81950000,81975000,82000000,82025000,82050000,82075000,82100000,82125000,82150000,82175000,82200000,82225000,82250000,82275000,82300000,82325000,82350000,82375000,82400000,82425000,82450000,82475000,82500000,82525000,82550000,82575000,82600000,82625000,82650000,82675000,82700000,82725000,82750000,82775000,82800000,82825000,82850000,82875000,82900000,82925000,82950000,82975000,83000000,83025000,83050000,83075000,83100000,83125000,83150000,83175000,83200000,83225000,83250000,83275000,83300000,83325000,83350000,83375000,83400000,83425000,83450000,83475000,83500000,83525000,83550000,83575000,83600000,83625000,83650000,83675000,83700000,83725000,83750000,83775000,83800000,83825000,83850000,83875000,83900000,83925000,83950000,83975000,84000000,84025000,84050000,84075000,84100000,84125000,84150000,84175000,84200000,84225000,84250000,84275000,84300000,84325000,84350000,84375000,84400000,84425000,84450000,84475000,84500000,84525000,84550000,84575000,84600000,84625000,84650000,84675000,84700000,84725000,84750000,84775000,84800000,84825000,84850000,84875000,84900000,84925000,84950000,84975000,85000000,85025000,85050000,85075000,85100000,85125000,85150000,85175000,85200000,85225000,85250000,85275000,85300000,85325000,85350000,85375000,85400000,85425000,85450000,85475000,85500000,85525000,85550000,85575000,85600000,85625000,85650000,85675000,85700000,85725000,85750000,85775000,85800000,85825000,85850000,85875000,85900000,85925000,85950000,85975000,86000000,86025000,86050000,86075000,86100000,86125000,86150000,86175000,86200000,86225000,86250000,86275000,86300000,86325000,86350000,86375000,86400000,86425000,86450000,86475000,86500000,86525000,86550000,86575000,86600000,86625000,86650000,86675000,86700000,86725000,86750000,86775000,86800000,86825000,86850000,86875000,86900000,86925000,86950000,86975000,87000000,87025000,87050000,87075000,87100000,87125000,87150000,87175000,87200000,87225000,87250000,87275000,87300000,87325000,87350000,87375000,87400000,87425000,87450000,87475000,87500000,87525000,87550000,87575000,87600000,87625000,87650000,87675000,87700000,87725000,87750000,87775000,87800000,87825000,87850000,87875000,87900000,87925000,87950000,87975000,88000000,88025000,88050000,88075000,88100000,88125000,88150000,88175000,88200000,88225000,88250000,88275000,88300000,88325000,88350000,88375000,88400000,88425000,88450000,88475000,88500000,88525000,88550000,88575000,88600000,88625000,88650000,88675000,88700000,88725000,88750000,88775000,88800000,88825000,88850000,88875000,88900000,88925000,88950000,88975000,89000000,89025000,89050000,89075000,89100000,89125000,89150000,89175000,89200000,89225000,89250000,89275000,89300000,89325000,89350000,89375000,89400000,89425000,89450000,89475000,89500000,89525000,89550000,89575000,89600000,89625000,89650000,89675000,89700000,89725000,89750000,89775000,89800000,89825000,89850000,89875000,89900000,89925000,89950000,89975000,90000000,90025000,90050000,90075000,90100000,90125000,90150000,90175000,90200000,90225000,90250000,90275000,90300000,90325000,90350000,90375000,90400000,90425000,90450000,90475000,90500000,90525000,90550000,90575000,90600000,90625000,90650000,90675000,90700000,90725000,90750000,90775000,90800000,90825000,90850000,90875000,90900000,90925000,90950000,90975000,91000000,91025000,91050000,91075000,91100000,91125000,91150000,91175000,91200000,91225000,91250000,91275000,91300000,91325000,91350000,91375000,91400000,91425000,91450000,91475000,91500000,91525000,91550000,91575000,91600000,91625000,91650000,91675000,91700000,91725000,91750000,91775000,91800000,91825000,91850000,91875000,91900000,91925000,91950000,91975000,92000000,92025000,92050000,92075000,92100000,92125000,92150000,92175000,92200000,92225000,92250000,92275000,92300000,92325000,92350000,92375000,92400000,92425000,92450000,92475000,92500000,92525000,92550000,92575000,92600000,92625000,92650000,92675000,92700000,92725000,92750000,92775000,92800000,92825000,92850000,92875000,92900000,92925000,92950000,92975000,93000000,93025000,93050000,93075000,93100000,93125000,93150000,93175000,93200000,93225000,93250000,93275000,93300000,93325000,93350000,93375000,93400000,93425000,93450000,93475000,93500000,93525000,93550000,93575000,93600000,93625000,93650000,93675000,93700000,93725000,93750000,93775000,93800000,93825000,93850000,93875000,93900000,93925000,93950000,93975000,94000000,94025000,94050000,94075000,94100000,94125000,94150000,94175000,94200000,94225000,94250000,94275000,94300000,94325000,94350000,94375000,94400000,94425000,94450000,94475000,94500000,94525000,94550000,94575000,94600000,94625000,94650000,94675000,94700000,94725000,94750000,94775000,94800000,94825000,94850000,94875000,94900000,94925000,94950000,94975000,95000000,95025000,95050000,95075000,95100000,95125000,95150000,95175000,95200000,95225000,95250000,95275000,95300000,95325000,95350000,95375000,95400000,95425000,95450000,95475000,95500000,95525000,95550000,95575000,95600000,95625000,95650000,95675000,95700000,95725000,95750000,95775000,95800000,95825000,95850000,95875000,95900000,95925000,95950000,95975000,96000000,96025000,96050000,96075000,96100000,96125000,96150000,96175000,96200000,96225000,96250000,96275000,96300000,96325000,96350000,96375000,96400000,96425000,96450000,96475000,96500000,96525000,96550000,96575000,96600000,96625000,96650000,96675000,96700000,96725000,96750000,96775000,96800000,96825000,96850000,96875000,96900000,96925000,96950000,96975000,97000000,97025000,97050000,97075000,97100000,97125000,97150000,97175000,97200000,97225000,97250000,97275000,97300000,97325000,97350000,97375000,97400000,97425000,97450000,97475000,97500000,97525000,97550000,97575000,97600000,97625000,97650000,97675000,97700000,97725000,97750000,97775000,97800000,97825000,97850000,97875000,97900000,97925000,97950000,97975000,98000000,98025000,98050000,98075000,98100000,98125000,98150000,98175000,98200000,98225000,98250000,98275000,98300000,98325000,98350000,98375000,98400000,98425000,98450000,98475000,98500000,98525000,98550000,98575000,98600000,98625000,98650000,98675000,98700000,98725000,98750000,98775000,98800000,98825000,98850000,98875000,98900000,98925000,98950000,98975000,99000000,99025000,99050000,99075000,99100000,99125000,99150000,99175000,99200000,99225000,99250000,99275000,99300000,99325000,99350000,99375000,99400000,99425000,99450000,99475000,99500000,99525000,99550000,99575000,99600000,99625000,99650000,99675000,99700000,99725000,99750000,99775000,99800000,99825000,99850000,99875000,99900000,99925000,99950000,99975000,100000000,100025000,100050000,100075000,100100000,100125000,100150000,100175000,100200000,100225000,100250000,100275000,100300000,100325000,100350000,100375000,100400000,100425000,100450000,100475000,100500000,100525000,100550000,100575000,100600000,100625000,100650000,100675000,100700000,100725000,100750000,100775000,100800000,100825000,100850000,100875000,100900000,100925000,100950000,100975000,101000000,101025000,101050000,101075000,101100000,101125000,101150000,101175000,101200000,101225000,101250000,101275000,101300000,101325000,101350000,101375000,101400000,101425000,101450000,101475000,101500000,101525000,101550000,101575000,101600000,101625000,101650000,101675000,101700000,101725000,101750000,101775000,101800000,101825000,101850000,101875000,101900000,101925000,101950000,101975000,102000000,102025000,102050000,102075000,102100000,102125000,102150000,102175000,102200000,102225000,102250000,102275000,102300000,102325000,102350000,102375000,102400000,102425000,102450000,102475000,102500000,102525000,102550000,102575000,102600000,102625000,102650000,102675000,102700000,102725000,102750000,102775000,102800000,102825000,102850000,102875000,102900000,102925000,102950000,102975000,103000000,103025000,103050000,103075000,103100000,103125000,103150000,103175000,103200000,103225000,103250000,103275000,103300000,103325000,103350000,103375000,103400000,103425000,103450000,103475000,103500000,103525000,103550000,103575000,103600000,103625000,103650000,103675000,103700000,103725000,103750000,103775000,103800000,103825000,103850000,103875000,103900000,103925000,103950000,103975000,104000000,104025000,104050000,104075000,104100000,104125000,104150000,104175000,104200000,104225000,104250000,104275000,104300000,104325000,104350000,104375000,104400000,104425000,104450000,104475000,104500000,104525000,104550000,104575000,104600000,104625000,104650000,104675000,104700000,104725000,104750000,104775000,104800000,104825000,104850000,104875000,104900000,104925000,104950000,104975000,105000000,105025000,105050000,105075000,105100000,105125000,105150000,105175000,105200000,105225000,105250000,105275000,105300000,105325000,105350000,105375000,105400000,105425000,105450000,105475000,105500000,105525000,105550000,105575000,105600000,105625000,105650000,105675000,105700000,105725000,105750000,105775000,105800000,105825000,105850000,105875000,105900000,105925000,105950000,105975000,106000000,106025000,106050000,106075000,106100000,106125000,106150000,106175000,106200000,106225000,106250000,106275000,106300000,106325000,106350000,106375000,106400000,106425000,106450000,106475000,106500000,106525000,106550000,106575000,106600000,106625000,106650000,106675000,106700000,106725000,106750000,106775000,106800000,106825000,106850000,106875000,106900000,106925000,106950000,106975000,107000000,107025000,107050000,107075000,107100000,107125000,107150000,107175000,107200000,107225000,107250000,107275000,107300000,107325000,107350000,107375000,107400000,107425000,107450000,107475000,107500000,107525000,107550000,107575000,107600000,107625000,107650000,107675000,107700000,107725000,107750000,107775000,107800000,107825000,107850000,107875000,107900000,107925000,107950000,107975000,108000000,108025000,108050000,108075000,108100000,108125000,108150000,108175000,108200000,108225000,108250000,108275000,108300000,108325000,108350000,108375000,108400000,108425000,108450000,108475000,108500000,108525000,108550000,108575000,108600000,108625000,108650000,108675000,108700000,108725000,108750000,108775000,108800000,108825000,108850000,108875000,108900000,108925000,108950000,108975000,109000000,109025000,109050000,109075000,109100000,109125000,109150000,109175000,109200000,109225000,109250000,109275000,109300000,109325000,109350000,109375000,109400000,109425000,109450000,109475000,109500000,109525000,109550000,109575000,109600000,109625000,109650000,109675000,109700000,109725000,109750000,109775000,109800000,109825000,109850000,109875000,109900000,109925000,109950000,109975000,110000000,110025000,110050000,110075000,110100000,110125000,110150000,110175000,110200000,110225000,110250000,110275000,110300000,110325000,110350000,110375000,110400000,110425000,110450000,110475000,110500000,110525000,110550000,110575000,110600000,110625000,110650000,110675000,110700000,110725000,110750000,110775000,110800000,110825000,110850000,110875000,110900000,110925000,110950000,110975000,111000000,111025000,111050000,111075000,111100000,111125000,111150000,111175000,111200000,111225000,111250000,111275000,111300000,111325000,111350000,111375000,111400000,111425000,111450000,111475000,111500000,111525000,111550000,111575000,111600000,111625000,111650000,111675000,111700000,111725000,111750000,111775000,111800000,111825000,111850000,111875000,111900000,111925000,111950000,111975000,112000000,112025000,112050000,112075000,112100000,112125000,112150000,112175000,112200000,112225000,112250000,112275000,112300000,112325000,112350000,112375000,112400000,112425000,112450000,112475000,112500000,112525000,112550000,112575000,112600000,112625000,112650000,112675000,112700000,112725000,112750000,112775000,112800000,112825000,112850000,112875000,112900000,112925000,112950000,112975000,113000000,113025000,113050000,113075000,113100000,113125000,113150000,113175000,113200000,113225000,113250000,113275000,113300000,113325000,113350000,113375000,113400000,113425000,113450000,113475000,113500000,113525000,113550000,113575000,113600000,113625000,113650000,113675000,113700000,113725000,113750000,113775000,113800000,113825000,113850000,113875000,113900000,113925000,113950000,113975000,114000000,114025000,114050000,114075000,114100000,114125000,114150000,114175000,114200000,114225000,114250000,114275000,114300000,114325000,114350000,114375000,114400000,114425000,114450000,114475000,114500000,114525000,114550000,114575000,114600000,114625000,114650000,114675000,114700000,114725000,114750000,114775000,114800000,114825000,114850000,114875000,114900000,114925000,114950000,114975000,115000000,115025000,115050000,115075000,115100000,115125000,115150000,115175000,115200000,115225000,115250000,115275000,115300000,115325000,115350000,115375000,115400000,115425000,115450000,115475000,115500000,115525000,115550000,115575000,115600000,115625000,115650000,115675000,115700000,115725000,115750000,115775000,115800000,115825000,115850000,115875000,115900000,115925000,115950000,115975000,116000000,116025000,116050000,116075000,116100000,116125000,116150000,116175000,116200000,116225000,116250000,116275000,116300000,116325000,116350000,116375000,116400000,116425000,116450000,116475000,116500000,116525000,116550000,116575000,116600000,116625000,116650000,116675000,116700000,116725000,116750000,116775000,116800000,116825000,116850000,116875000,116900000,116925000,116950000,116975000,117000000,117025000,117050000,117075000,117100000,117125000,117150000,117175000,117200000,117225000,117250000,117275000,117300000,117325000,117350000,117375000,117400000,117425000,117450000,117475000,117500000,117525000,117550000,117575000,117600000,117625000,117650000,117675000,117700000,117725000,117750000,117775000,117800000,117825000,117850000,117875000,117900000,117925000,117950000,117975000,118000000,118025000,118050000,118075000,118100000,118125000,118150000,118175000,118200000,118225000,118250000,118275000,118300000,118325000,118350000,118375000,118400000,118425000,118450000,118475000,118500000,118525000,118550000,118575000,118600000,118625000,118650000,118675000,118700000,118725000,118750000,118775000,118800000,118825000,118850000,118875000,118900000,118925000,118950000,118975000,119000000,119025000,119050000,119075000,119100000,119125000,119150000,119175000,119200000,119225000,119250000,119275000,119300000,119325000,119350000,119375000,119400000,119425000,119450000,119475000,119500000,119525000,119550000,119575000,119600000,119625000,119650000,119675000,119700000,119725000,119750000,119775000,119800000,119825000,119850000,119875000,119900000,119925000,119950000,119975000,120000000,120025000,120050000,120075000,120100000,120125000,120150000,120175000,120200000,120225000,120250000,120275000,120300000,120325000,120350000,120375000,120400000,120425000,120450000,120475000,120500000,120525000,120550000,120575000,120600000,120625000,120650000,120675000,120700000,120725000,120750000,120775000,120800000,120825000,120850000,120875000,120900000,120925000,120950000,120975000,121000000,121025000,121050000,121075000,121100000,121125000,121150000,121175000,121200000,121225000,121250000,121275000,121300000,121325000,121350000,121375000,121400000,121425000,121450000,121475000,121500000,121525000,121550000,121575000,121600000,121625000,121650000,121675000,121700000,121725000,121750000,121775000,121800000,121825000,121850000,121875000,121900000,121925000,121950000,121975000,122000000,122025000,122050000,122075000,122100000,122125000,122150000,122175000,122200000,122225000,122250000,122275000,122300000,122325000,122350000,122375000,122400000,122425000,122450000,122475000,122500000,122525000,122550000,122575000,122600000,122625000,122650000,122675000,122700000,122725000,122750000,122775000,122800000,122825000,122850000,122875000,122900000,122925000,122950000,122975000,123000000,123025000,123050000,123075000,123100000,123125000,123150000,123175000,123200000,123225000,123250000,123275000,123300000,123325000,123350000,123375000,123400000,123425000,123450000,123475000,123500000,123525000,123550000,123575000,123600000,123625000,123650000,123675000,123700000,123725000,123750000,123775000,123800000,123825000,123850000,123875000,123900000,123925000,123950000,123975000,124000000,124025000,124050000,124075000,124100000,124125000,124150000,124175000,124200000,124225000,124250000,124275000,124300000,124325000,124350000,124375000,124400000,124425000,124450000,124475000,124500000,124525000,124550000,124575000,124600000,124625000,124650000,124675000,124700000,124725000,124750000,124775000,124800000,124825000,124850000,124875000,124900000,124925000,124950000,124975000,125000000
max_expected_returns,840.2777777777832,840.2777777777832,840.2777777777832,840.2777777777832,840.2777777777832,840.2777777777832,840.2777777777832,840.2777777777832,840.2777777777832,840.2777777777832,840.2777777777832,840.2777777777832,840.2777777777832,840.2777777777832,840.2777777777832,840.2777777777832,840.2777777777832,840.2777777777832,840.2777777777832,840.2777777777832,840.2777777777832,840.2777777777832,840.2777777777832,840.2777777777832,840.2777777777832,840.2777777777832,840.2777777777832,840.2777777777832,840.2777777777832,840.2777777777832,840.2777777777832,840.2777777777832,840.2777777777832,840.2777777777832,840.2777777777832,840.2777777777832,840.2777777777832,840.2777777777832,840.2777777777832,840.2777777777832,840.2777777777832,840.2777777777832,840.2777777777832,840.2777777777832,840.2777777777832,840.2777777777832,840.2777777777832,840.2777777777832,840.2777777777832,840.2777777777832,840.2777777777832,840.2777777777832,840.2777777777832,840.2777777777832,840.2777777777832,840.2777777777832,840.2777777777832,840.2777777777832,840.2777777777832,840.2777777777832,840.2777777777832,840.2777777777832,840.2777777777832,840.2777777777832,840.2777777777832,840.2777777777832,840.2777777777832,840.2777777777832,840.2777777777832,840.2777777777832,840.2777777777832,840.2777777777832,840.2777777777832,840.2777777777832,840.2777777777832,840.2777777777832,840.2777777777832,840.2777777777832,840.2777777777832,840.2777777777832,840.2777777777832,840.2777777777832,840.2777777777832,840.2777777777832,840.2777777777832,840.2777777777832,840.2777777777832,840.2777777777832,840.2777777777832,840.2777777777832,840.2777777777832,840.2777777777832,840.2777777777832,840.2777777777832,840.2777777777832,840.2777777777832,840.2777777777832,840.2777777777832,840.2777777777832,840.2777777777832,840.2777777777832,840.2777777777832,840.2777777777832,840.2777777777832,840.2777777777832,840.2777777777832,840.2777777777832,840.2777777777832,840.2777777777832,840.2777777777832,840.2777777777832,840.2777777777832,840.2777777777832,840.2777777777832,840.2777777777832,840.2777777777832,840.2777777777832,840.2777777777832,840.2777777777832,840.2777777777832,840.2777777777832,840.2777777777832,840.2777777777832,840.2777777777832,840.2777777777832,840.2777777777832,840.2777777777832,840.2777777777832,840.2777777777832,840.2777777777832,840.2777777777832,840.2777777777832,840.2777777777832,840.2777777777832,840.2777777777832,840.2777777777832,840.2777777777832,840.2777777777832,840.2777777777832,840.2777777777832,840.2777777777832,840.2777777777832,840.2777777777832,840.2777777777832,840.2777777777832,840.2777777777832,840.2777777777832,840.2777777777832,840.2777777777832,840.2777777777832,840.2777777777832,840.2777777777832,840.2777777777832,840.2777777777832,840.2777777777832,840.2777777777832,840.2777777777832,840.2777777777832,840.2777777777832,840.2777777777832,840.2777777777832,840.2777777777832,840.2777777777832,840.2777777777832,840.2777777777832,840.2777777777832,840.2777777777832,840.2777777777832,840.2777777777832,840.2777777777832,840.2777777777832,840.2777777777832,840.2777777777832,840.2777777777832,840.2777777777832,840.2777777777832,840.2777777777832,840.2777777777832,840.2777777777832,840.2777777777832,840.2777777777832,840.2777777777832,840.2777777777832,840.2777777777832,840.2777777777832,840.2777777777832,840.2777777777832,840.2777777777832,840.2777777777832,840.2777777777832,840.2777777777832,840.2777777777832,840.2777777777832,840.2777777777832,840.2777777777832,840.2777777777832,840.2777777777832,840.2777777777832,840.2777777777832,840.2777777777832,840.2777777777832,840.2777777777832,840.2777777777832,840.2777777777832,840.2777777777832,840.2777777777832,840.2777777777832,840.2777777777832,840.2777777777832,840.2777777777832,840.2777777777832,840.2777777777832,840.2777777777832,840.2777777777832,840.2777777777832,840.2777777777832,840.2777777777832,840.2777777777832,840.2777777777832,840.2777777777832,840.2777777777832,840.2777777777832,840.2777777777832,840.2777777777832,840.2777777777832,840.2777777777832,840.2777777777832,840.2777777777832,840.2777777777832,840.2777777777832,840.2777777777832,840.2777777777832,840.2777777777832,840.2777777777832,840.2777777777832,840.2777777777832,840.2777777777832,840.2777777777832,840.2777777777832,840.2777777777832,840.2777777777832,840.2777777777832,840.2777777777832,840.2777777777832,840.2777777777832,840.2777777777832,840.2777777777832,840.2777777777832,840.2777777777832,840.2777777777832,840.2777777777832,840.2777777777832,840.2777777777832,840.2777777777832,840.2777777777832,840.2777777777832,840.2777777777832,840.2777777777832,840.2777777777832,840.2777777777832,840.2777777777832,840.2777777777832,840.2777777777832,840.2777777777832,840.2777777777832,840.2777777777832,840.2777777777832,840.2777777777832,840.2777777777832,840.2777777777832,840.2777777777832,840.2777777777832,840.2777777777832,840.2777777777832,840.2777777777832,840.2777777777832,840.2777777777832,840.2777777777832,840.2777777777832,840.2777777777832,840.2777777777832,840.2777777777832,840.2777777777832,840.2777777777832,840.2777777777832,840.2777777777832,840.2777777777832,840.2777777777832,840.2777777777832,840.2777777777832,840.2777777777832,840.2777777777832,840.2777777777832,840.2777777777832,840.2777777777832,840.2777777777832,840.2777777777832,840.2777777777832,840.2777777777832,840.2777777777832,840.2777777777832,840.2777777777832,840.2777777777832,840.2777777777832,840.2777777777832,840.2777777777832,840.2777777777832,840.2777777777832,840.2777777777832,840.2777777777832,840.2777777777832,840.2777777777832,840.2777777777832,840.2777777777832,840.2777777777832,840.2777777777832,840.2777777777832,840.2777777777832,840.2777777777832,840.2777777777832,840.2777777777832,840.2777777777832,840.2777777777832,840.2777777777832,840.2777777777832,840.2777777777832,840.2777777777832,840.2777777777832,840.2777777777832,840.2777777777832,840.2777777777832,840.2777777777832,840.2777777777832,840.2777777777832,840.2777777777832,840.2777777777832,840.2777777777832,840.2777777777832,840.2777777777832,840.2777777777832,840.2777777777832,840.2777777777832,840.2777777777832,840.2777777777832,840.2777777777832,840.2777777777832,840.2777777777832,840.2777777777832,840.2777777777832,840.2777777777832,840.2777777777832,840.2777777777832,840.2777777777832,840.2777777777832,840.2777777777832,840.2777777777832,840.2777777777832,840.2777777777832,840.2777777777832,840.2777777777832,840.2777777777832,840.2777777777832,840.2777777777832,840.2777777777832,840.2777777777832,840.2777777777832,840.2777777777832,840.2777777777832,840.2777777777832,840.2777777777832,840.2777777777832,840.2777777777832,840.2777777777832,840.2777777777832,840.2777777777832,840.2777777777832,840.2777777777832,840.2777777777832,840.2777777777832,840.2777777777832,840.2777777777832,840.2777777777832,840.2777777777832,840.2777777777832,840.2777777777832,840.2777777777832,840.2777777777832,840.2777777777832,840.2777777777832,840.2777777777832,840.2777777777832,840.2777777777832,840.2777777777832,840.2777777777832,840.2777777777832,840.2777777777832,840.2777777777832,840.2777777777832,840.2777777777832,840.2777777777832,840.2777777777832,840.2777777777832,840.2777777777832,840.2777777777832,840.2777777777832,840.2777777777832,840.2777777777832,840.2777777777832,840.2777777777832,840.2777777777832,840.2777777777832,840.2777777777832,840.2777777777832,840.2777777777832,840.2777777777832,840.2777777777832,840.2777777777832,840.2777777777832,840.2777777777832,840.2777777777832,840.2777777777832,840.2777777777832,840.2777777777832,840.2777777777832,840.2777777777832,840.2777777777832,840.2777777777832,840.2777777777832,840.2777777777832,840.2777777777832,840.2777777777832,840.2777777777832,840.2777777777832,840.2777777777832,840.2777777777832,840.2777777777832,840.2777777777832,840.2777777777832,840.2777777777832,840.2777777777832,840.2777777777832,840.2777777777832,840.2777777777832,840.2777777777832,840.2777777777832,840.2777777777832,840.2777777777832,840.2777777777832,840.2777777777832,840.2777777777832,840.2777777777832,840.2777777777832,840.2777777777832,840.2777777777832,840.2777777777832,840.2777777777832,840.2777777777832,840.2777777777832,840.2777777777832,840.2777777777832,840.2777777777832,840.2777777777832,840.2777777777832,840.2777777777832,840.2777777777832,840.2777777777832,840.2777777777832,840.2777777777832,840.2777777777832,840.2777777777832,840.2777777777832,840.2777777777832,840.2777777777832,840.2777777777832,840.2777777777832,840.2777777777832,840.2777777777832,840.2777777777832,840.2777777777832,840.2777777777832,840.2777777777832,840.2777777777832,840.2777777777832,840.2777777777832,840.2777777777832,840.2777777777832,840.2777777777832,840.2777777777832,840.2777777777832,840.2777777777832,840.2777777777832,840.2777777777832,840.2777777777832,840.2777777777832,840.2777777777832,840.2777777777832,840.2777777777832,840.2777777777832,840.2777777777832,840.2777777777832,840.2777777777832,840.2777777777832,840.2777777777832,840.2777777777832,840.2777777777832,840.2777777777832,840.2777777777832,840.2777777777832,840.2777777777832,840.2777777777832,840.2777777777832,840.2777777777832,840.2777777777832,840.2777777777832,840.2777777777832,840.2777777777832,840.2777777777832,840.2777777777832,840.2777777777832,840.2777777777832,840.2777777777832,840.2777777777832,840.2777777777832,840.2777777777832,840.2777777777832,840.2777777777832,840.2777777777832,840.2777777777832,840.2777777777832,840.2777777777832,840.2777777777832,840.2777777777832,840.2777777777832,840.2777777777832,840.2777777777832,840.2777777777832,840.2777777777832,840.2777777777832,840.2777777777832,840.2777777777832,840.2777777777832,840.2777777777832,840.2777777777832,840.2777777777832,840.2777777777832,840.2777777777832,840.2777777777832,840.2777777777832,840.2777777777832,840.2777777777832,840.2777777777832,840.2777777777832,840.2777777777832,840.2777777777832,840.2777777777832,840.2777777777832,840.2777777777832,840.2777777777832,840.2777777777832,840.2777777777832,840.2777777777832,840.2777777777832,840.2777777777832,840.2777777777832,840.2777777777832,840.2777777777832,840.2777777777832,840.2777777777832,840.2777777777832,840.2777777777832,840.2777777777832,840.2777777777832,840.2777777777832,840.2777777777832,840.2777777777832,840.2777777777832,840.2777777777832,840.2777777777832,840.2777777777832,840.2777777777832,840.2777777777832,840.2777777777832,840.2777777777832,840.2777777777832,840.2777777777832,840.2777777777832,840.2777777777832,840.2777777777832,840.2777777777832,840.2777777777832,840.2777777777832,840.2777777777832,840.2777777777832,840.2777777777832,840.2777777777832,840.2777777777832,840.2777777777832,840.2777777777832,840.2777777777832,840.2777777777832,840.2777777777832,840.2777777777832,840.2777777777832,840.2777777777832,840.2777777777832,840.2777777777832,840.2777777777832,840.2777777777832,840.2777777777832,840.2777777777832,840.2777777777832,840.2777777777832,840.2777777777832,840.2777777777832,840.2777777777832,840.2777777777832,840.2777777777832,840.2777777777832,840.2777777777832,840.2777777777832,840.2777777777832,840.2777777777832,840.2777777777832,840.2777777777832,840.2777777777832,840.2777777777832,840.2777777777832,840.2777777777832,840.2777777777832,840.2777777777832,840.2777777777832,840.2777777777832,840.2777777777832,840.2777777777832,840.2777777777832,840.2777777777832,840.2777777777832,840.2777777777832,840.2777777777832,840.2777777777832,840.2777777777832,840.2777777777832,840.2777777777832,840.2777777777832,840.2777777777832,840.2777777777832,840.2777777777832,840.2777777777832,840.2777777777832,840.2777777777832,840.2777777777832,840.2777777777832,840.2777777777832,840.2777777777832,840.2777777777832,840.2777777777832,840.2777777777832,840.2777777777832,840.2777777777832,840.2777777777832,840.2777777777832,840.2777777777832,840.2777777777832,840.2777777777832,840.2777777777832,840.2777777777832,840.2777777777832,840.2777777777832,840.2777777777832,840.2777777777832,840.2777777777832,840.2777777777832,840.2777777777832,840.2777777777832,840.2777777777832,840.2777777777832,840.2777777777832,840.2777777777832,840.2777777777832,840.2777777777832,840.2777777777832,840.2777777777832,840.2777777777832,840.2777777777832,840.2777777777832,840.2777777777832,840.2777777777832,840.2777777777832,840.2777777777832,840.2777777777832,840.2777777777832,840.2777777777832,840.2777777777832,840.2777777777832,840.2777777777832,840.2777777777832,840.2777777777832,840.2777777777832,840.2777777777832,840.2777777777832,840.2777777777832,840.2777777777832,840.2777777777832,840.2777777777832,840.2777777777832,840.2777777777832,840.2777777777832,840.2777777777832,840.2777777777832,840.2777777777832,840.2777777777832,840.2777777777832,840.2777777777832,840.2777777777832,840.2777777777832,840.2777777777832,840.2777777777832,840.2777777777832,840.2777777777832,840.2777777777832,840.2777777777832,840.2777777777832,840.2777777777832,840.2777777777832,840.2777777777832,840.2777777777832,840.2777777777832,840.2777777777832,840.2777777777832,840.2777777777832,840.2777777777832,840.2777777777832,840.2777777777832,840.2777777777832,840.2777777777832,840.2777777777832,840.2777777777832,840.2777777777832,840.2777777777832,840.2777777777832,840.2777777777832,840.2777777777832,840.2777777777832,840.2777777777832,840.2777777777832,840.2777777777832,840.2777777777832,840.2777777777832,840.2777777777832,840.2777777777832,840.2777777777832,840.2777777777832,840.2777777777832,840.2777777777832,840.2777777777832,840.2777777777832,840.2777777777832,840.2777777777832,840.2777777777832,840.2777777777832,840.2777777777832,840.2777777777832,840.2777777777832,840.2777777777832,840.2777777777832,840.2777777777832,840.2777777777832,840.2777777777832,840.2777777777832,840.2777777777832,840.2777777777832,840.2777777777832,840.2777777777832,840.2777777777832,840.2777777777832,840.2777777777832,840.2777777777832,840.2777777777832,840.2777777777832,840.2777777777832,840.2777777777832,840.2777777777832,840.2777777777832,840.2777777777832,840.2777777777832,840.2777777777832,840.2777777777832,840.2777777777832,840.2777777777832,840.2777777777832,840.2777777777832,840.2777777777832,840.2777777777832,840.2777777777832,840.2777777777832,840.2777777777832,840.2777777777832,840.2777777777832,840.2777777777832,840.2777777777832,840.2777777777832,840.2777777777832,840.2777777777832,840.2777777777832,840.2777777777832,840.2777777777832,840.2777777777832,840.2777777777832,840.2777777777832,840.2777777777832,840.2777777777832,840.2777777777832,840.2777777777832,840.2777777777832,840.2777777777832,840.2777777777832,840.2777777777832,840.2777777777832,840.2777777777832,840.2777777777832,840.2777777777832,840.2777777777832,840.2777777777832,840.2777777777832,840.2777777777832,840.2777777777832,840.2777777777832,840.2777777777832,840.2777777777832,840.2777777777832,840.2777777777832,840.2777777777832,840.2777777777832,840.2777777777832,840.2777777777832,840.2777777777832,840.2777777777832,840.2777777777832,840.2777777777832,840.2777777777832,840.2777777777832,840.2777777777832,840.2777777777832,840.2777777777832,840.2777777777832,840.2777777777832,840.2777777777832,840.2777777777832,840.2777777777832,840.2777777777832,840.2777777777832,840.2777777777832,840.2777777777832,840.2777777777832,840.2777777777832,840.2777777777832,840.2777777777832,840.2777777777832,840.2777777777832,840.2777777777832,840.2777777777832,840.2777777777832,840.2777777777832,840.2777777777832,840.2777777777832,840.2777777777832,840.2777777777832,840.2777777777832,840.2777777777832,840.2777777777832,840.2777777777832,840.2777777777832,840.2777777777832,840.2777777777832,840.2777777777832,840.2777777777832,840.2777777777832,840.2777777777832,840.2777777777832,840.2777777777832,840.2777777777832,840.2777777777832,840.2777777777832,840.2777777777832,840.2777777777832,840.2777777777832,840.2777777777832,840.2777777777832,840.2777777777832,840.2777777777832,840.2777777777832,840.2777777777832,840.2777777777832,840.2777777777832,840.2777777777832,840.2777777777832,840.2777777777832,840.2777777777832,840.2777777777832,840.2777777777832,840.2777777777832,840.2777777777832,840.2777777777832,840.2777777777832,840.2777777777832,840.2777777777832,840.2777777777832,840.2777777777832,840.2777777777832,840.2777777777832,840.2777777777832,840.2777777777832,840.2777777777832,840.2777777777832,840.2777777777832,840.2777777777832,840.2777777777832,840.2777777777832,840.2777777777832,840.2777777777832,840.2777777777832,840.2777777777832,840.2777777777832,840.2777777777832,840.2777777777832,840.2777777777832,840.2777777777832,840.2777777777832,840.2777777777832,840.2777777777832,840.2777777777832,840.2777777777832,840.2777777777832,840.2777777777832,840.2777777777832,840.2777777777832,840.2777777777832,840.2777777777832,840.2777777777832,840.2777777777832,840.2777777777832,840.2777777777832,840.2777777777832,840.2777777777832,840.2777777777832,840.2777777777832,840.2777777777832,840.2777777777832,840.2777777777832,840.2777777777832,840.2777777777832,840.2777777777832,840.2777777777832,840.2777777777832,840.2777777777832,840.2777777777832,840.2777777777832,840.2777777777832,840.2777777777832,840.2777777777832,840.2777777777832,840.2777777777832,840.2777777777832,840.2777777777832,840.2777777777832,840.2777777777832,840.2777777777832,840.2777777777832,840.2777777777832,840.2777777777832,840.2777777777832,840.2777777777832,840.2777777777832,840.2777777777832,840.2777777777832,840.2777777777832,840.2777777777832,840.2777777777832,840.2777777777832,840.2777777777832,840.2777777777832,840.2777777777832,840.2777777777832,840.2777777777832,840.2777777777832,840.2777777777832,840.2777777777832,840.2777777777832,840.2777777777832,840.2777777777832,840.2777777777832,840.2777777777832,840.2777777777832,840.2777777777832,840.2777777777832,840.2777777777832,840.2777777777832,840.2777777777832,840.2777777777832,840.2777777777832,840.2777777777832,840.2777777777832,840.2777777777832,840.2777777777832,840.2777777777832,840.2777777777832,840.2777777777832,840.2777777777832,840.2777777777832,840.2777777777832,840.2777777777832,840.2777777777832,840.2777777777832,840.2777777777832,840.2777777777832,840.2777777777832,840.2777777777832,840.2777777777832,840.2777777777832,840.2777777777832,840.2777777777832,840.2777777777832,840.2777777777832,840.2777777777832,840.2777777777832,840.2777777777832,840.2777777777832,840.2777777777832,840.2777777777832,840.2777777777832,840.2777777777832,840.2777777777832,840.2777777777832,840.2777777777832,840.2777777777832,840.2777777777832,840.2777777777832,840.2777777777832,840.2777777777832,840.2777777777832,840.2777777777832,840.2777777777832,840.2777777777832,840.2777777777832,840.2777777777832,840.2777777777832,840.2777777777832,840.2777777777832,840.2777777777832,840.2777777777832,840.2777777777832,840.2777777777832,840.2777777777832,840.2777777777832,840.2777777777832,840.2777777777832,840.2777777777832,840.2777777777832,840.2777777777832,840.2777777777832,840.2777777777832,840.2777777777832,840.2777777777832,840.2777777777832,840.2777777777832,840.2777777777832,840.2777777777832,840.2777777777832,840.2777777777832,840.2777777777832,840.2777777777832,840.2777777777832,840.2777777777832,840.2777777777832,840.2777777777832,840.2777777777832,840.2777777777832,840.2777777777832,840.2777777777832,840.2777777777832,840.2777777777832,840.2777777777832,840.2777777777832,840.2777777777832,840.2777777777832,840.2777777777832,840.2777777777832,840.2777777777832,840.2777777777832,840.2777777777832,840.2777777777832,840.2777777777832,840.2777777777832,840.2777777777832,840.2777777777832,840.2777777777832,840.2777777777832,840.2777777777832,840.2777777777832,840.2777777777832,840.2777777777832,840.2777777777832,840.2777777777832,840.2777777777832,840.2777777777832,840.2777777777832,840.2777777777832,840.2777777777832,840.2777777777832,840.2777777777832,840.2777777777832,840.2777777777832,840.2777777777832,840.2777777777832,840.2777777777832,840.2777777777832,840.2777777777832,840.2777777777832,840.2777777777832,840.2777777777832,840.2777777777832,840.2777777777832,840.2777777777832,840.2777777777832,840.2777777777832,840.2777777777832,840.2777777777832,840.2777777777832,840.2777777777832,840.2777777777832,840.2777777777832,840.2777777777832,840.2777777777832,840.2777777777832,840.2777777777832,840.2777777777832,840.2777777777832,840.2777777777832,840.2777777777832,840.2777777777832,840.2777777777832,840.2777777777832,840.2777777777832,840.2777777777832,840.2777777777832,840.2777777777832,840.2777777777832,840.2777777777832,840.2777777777832,840.2777777777832,840.2777777777832,840.2777777777832,840.2777777777832,840.2777777777832,840.2777777777832,840.2777777777832,840.2777777777832,840.2777777777832,840.2777777777832,840.2777777777832,840.2777777777832,840.2777777777832,840.2777777777832,840.2777777777832,840.2777777777832,840.2777777777832,840.2777777777832,840.2777777777832,840.2777777777832,840.2777777777832,840.2777777777832,840.2777777777832,840.2777777777832,840.2777777777832,840.2777777777832,840.2777777777832,840.2777777777832,840.2777777777832,840.2777777777832,840.2777777777832,840.2777777777832,840.2777777777832,840.2777777777832,840.2777777777832,840.2777777777832,840.2777777777832,840.2777777777832,840.2777777777832,840.2777777777832,840.2777777777832,840.2777777777832,840.2777777777832,840.2777777777832,840.2777777777832,840.2777777777832,840.2777777777832,840.2777777777832,840.2777777777832,840.2777777777832,840.2777777777832,840.2777777777832,840.2777777777832,840.2777777777832,840.2777777777832,840.2777777777832,840.2777777777832,840.2777777777832,840.2777777777832,840.2777777777832,840.2777777777832,840.2777777777832,840.2777777777832,840.2777777777832,840.2777777777832,840.2777777777832,840.2777777777832,840.2777777777832,840.2777777777832,840.2777777777832,840.2777777777832,840.2777777777832,840.2777777777832,840.2777777777832,840.2777777777832,840.2777777777832,840.2777777777832,840.2777777777832,840.2777777777832,840.2777777777832,840.2777777777832,840.2777777777832,840.2777777777832,840.2777777777832,840.2777777777832,840.2777777777832,840.2777777777832,840.2777777777832,840.2777777777832,840.2777777777832,840.2777777777832,840.2777777777832,840.2777777777832,840.2777777777832,840.2777777777832,840.2777777777832,840.2777777777832,840.2777777777832,840.2777777777832,840.2777777777832,840.2777777777832,840.2777777777832,840.2777777777832,840.2777777777832,840.2777777777832,840.2777777777832,840.2777777777832,840.2777777777832,840.2777777777832,840.2777777777832,840.2777777777832,840.2777777777832,840.2777777777832,840.2777777777832,840.2777777777832,840.2777777777832,840.2777777777832,840.2777777777832,840.2777777777832,840.2777777777832,840.2777777777832,840.2777777777832,840.2777777777832,840.2777777777832,840.2777777777832,840.2777777777832,840.2777777777832,840.2777777777832,840.2777777777832,840.2777777777832,840.2777777777832,840.2777777777832,840.2777777777832,840.2777777777832,840.2777777777832,840.2777777777832,840.2777777777832,840.2777777777832,840.2777777777832,840.2777777777832,840.2777777777832,840.2777777777832,840.2777777777832,840.2777777777832,840.2777777777832,840.2777777777832,840.2777777777832,840.2777777777832,840.2777777777832,840.2777777777832,840.2777777777832,840.2777777777832,840.2777777777832,840.2777777777832,840.2777777777832,840.2777777777832,840.2777777777832,840.2777777777832,840.2777777777832,840.2777777777832,840.2777777777832,840.2777777777832,840.2777777777832,840.2777777777832,840.2777777777832,840.2777777777832,840.2777777777832,840.2777777777832,840.2777777777832,840.2777777777832,840.2777777777832,840.2777777777832,840.2777777777832,840.2777777777832,840.2777777777832,840.2777777777832,840.2777777777832,840.2777777777832,840.2777777777832,840.2777777777832,840.2777777777832,840.2777777777832,840.2777777777832,840.2777777777832,840.2777777777832,840.2777777777832,840.2777777777832,840.2777777777832,840.2777777777832,840.2777777777832,840.2777777777832,840.2777777777832,840.2777777777832,840.2777777777832,840.2777777777832,840.2777777777832,840.2777777777832,840.2777777777832,840.2777777777832,840.2777777777832,840.2777777777832,840.2777777777832,840.2777777777832,840.2777777777832,840.2777777777832,840.2777777777832,840.2777777777832,840.2777777777832,840.2777777777832,840.2777777777832,840.2777777777832,840.2777777777832,840.2777777777832,840.2777777777832,840.2777777777832,840.2777777777832,840.2777777777832,840.2777777777832,840.2777777777832,840.2777777777832,840.2777777777832,840.2777777777832,840.2777777777832,840.2777777777832,840.2777777777832,840.2777777777832,840.2777777777832,840.2777777777832,840.2777777777832,840.2777777777832,840.2777777777832,840.2777777777832,840.2777777777832,840.2777777777832,840.2777777777832,840.2777777777832,840.2777777777832,840.2777777777832,840.2777777777832,840.2777777777832,840.2777777777832,840.2777777777832,840.2777777777832,840.2777777777832,840.2777777777832,840.2777777777832,840.2777777777832,840.2777777777832,840.2777777777832,840.2777777777832,840.2777777777832,840.2777777777832,840.2777777777832,840.2777777777832,840.2777777777832,840.2777777777832,840.2777777777832,840.2777777777832,840.2777777777832,840.2777777777832,840.2777777777832,840.2777777777832,840.2777777777832,840.2777777777832,840.2777777777832,840.2777777777832,840.2777777777832,840.2777777777832,840.2777777777832,840.2777777777832,840.2777777777832,840.2777777777832,840.2777777777832,840.2777777777832,840.2777777777832,840.2777777777832,840.2777777777832,840.2777777777832,840.2777777777832,840.2777777777832,840.2777777777832,840.2777777777832,840.2777777777832,840.2777777777832,840.2777777777832,840.2777777777832,840.2777777777832,840.2777777777832,840.2777777777832,840.2777777777832,840.2777777777832,840.2777777777832,840.2777777777832,840.2777777777832,840.2777777777832,840.2777777777832,840.2777777777832,840.2777777777832,840.2777777777832,840.2777777777832,840.2777777777832,840.2777777777832,840.2777777777832,840.2777777777832,840.2777777777832,840.2777777777832,840.2777777777832,840.2777777777832,840.2777777777832,840.2777777777832,840.2777777777832,840.2777777777832,840.2777777777832,840.2777777777832,840.2777777777832,840.2777777777832,840.2777777777832,840.2777777777832,840.2777777777832,840.2777777777832,840.2777777777832,840.2777777777832,840.2777777777832,840.2777777777832,840.2777777777832,840.2777777777832,840.2777777777832,840.2777777777832,840.2777777777832,840.2777777777832,840.2777777777832,840.2777777777832,840.2777777777832,840.2777777777832,840.2777777777832,840.2777777777832,840.2777777777832,840.2777777777832,840.2777777777832,840.2777777777832,840.2777777777832,840.2777777777832,840.2777777777832,840.2777777777832,840.2777777777832,840.2777777777832,840.2777777777832,840.2777777777832,840.2777777777832,840.2777777777832,840.2777777777832,840.2777777777832,840.2777777777832,840.2777777777832,840.2777777777832,840.2777777777832,840.2777777777832,840.2777777777832,840.2777777777832,840.2777777777832,840.2777777777832,840.2777777777832,840.2777777777832,840.2777777777832,840.2777777777832,840.2777777777832,840.2777777777832,840.2777777777832,840.2777777777832,840.2777777777832,840.2777777777832,840.2777777777832,840.2777777777832,840.2777777777832,840.2777777777832,840.2777777777832,840.2777777777832,840.2777777777832,840.2777777777832,840.2777777777832,840.2777777777832,840.2777777777832,840.2777777777832,840.2777777777832,840.2777777777832,840.2777777777832,840.2777777777832,840.2777777777832,840.2777777777832,840.2777777777832,840.2777777777832,840.2777777777832,840.2777777777832,840.2777777777832,840.2777777777832,840.2777777777832,840.2777777777832,840.2777777777832,840.2777777777832,840.2777777777832,840.2777777777832,840.2777777777832,840.2777777777832,840.2777777777832,840.2777777777832,840.2777777777832,840.2777777777832,840.2777777777832,840.2777777777832,840.2777777777832,840.2777777777832,840.2777777777832,840.2777777777832,840.2777777777832,840.2777777777832,840.2777777777832,840.2777777777832,840.2777777777832,840.2777777777832,840.2777777777832,840.2777777777832,840.2777777777832,840.2777777777832,840.2777777777832,840.2777777777832,840.2777777777832,840.2777777777832,840.2777777777832,840.2777777777832,840.2777777777832,840.2777777777832,840.2777777777832,840.2777777777832,840.2777777777832,840.2777777777832,840.2777777777832,840.2777777777832,840.2777777777832,840.2777777777832,840.2777777777832,840.2777777777832,840.2777777777832,840.2777777777832,840.2777777777832,840.2777777777832,840.2777777777832,840.2777777777832,840.2777777777832,840.2777777777832,840.2777777777832,840.2777777777832,840.2777777777832,840.2777777777832,840.2777777777832,840.2777777777832,840.2777777777832,840.2777777777832,840.2777777777832,840.2777777777832,840.2777777777832,840.2777777777832,840.2777777777832,840.2777777777832,840.2777777777832,840.2777777777832,840.2777777777832,840.2777777777832,840.2777777777832,840.2777777777832,840.2777777777832,840.2777777777832,840.2777777777832,840.2777777777832,840.2777777777832,840.2777777777832,840.2777777777832,840.2777777777832,840.2777777777832,840.2777777777832,840.2777777777832,840.2777777777832,840.2777777777832,840.2777777777832,840.2777777777832,840.2777777777832,840.2777777777832,840.2777777777832,840.2777777777832,840.2777777777832,840.2777777777832,840.2777777777832,840.2777777777832,840.2777777777832,840.2777777777832,840.2777777777832,840.2777777777832,840.2777777777832,840.2777777777832,840.2777777777832,840.2777777777832,840.2777777777832,840.2777777777832,840.2777777777832,840.2777777777832,840.2777777777832,840.2777777777832,840.2777777777832,840.2777777777832,840.2777777777832,840.2777777777832,840.2777777777832,840.2777777777832,840.2777777777832,840.2777777777832,840.2777777777832,840.2777777777832,840.2777777777832,840.2777777777832,840.2777777777832,840.2777777777832,840.2777777777832,840.2777777777832,840.2777777777832,840.2777777777832,840.2777777777832,840.2777777777832,840.2777777777832,840.2777777777832,840.2777777777832,840.2777777777832,840.2777777777832,840.2777777777832,840.2777777777832,840.2777777777832,840.2777777777832,840.2777777777832,840.2777777777832,840.2777777777832,840.2777777777832,840.2777777777832,840.2777777777832,840.2777777777832,840.2777777777832,840.2777777777832,840.2777777777832,840.2777777777832,840.2777777777832,840.2777777777832,840.2777777777832,840.2777777777832,840.2777777777832,840.2777777777832,840.2777777777832,840.2777777777832,840.2777777777832,840.2777777777832,840.2777777777832,840.2777777777832,840.2777777777832,840.2777777777832,840.2777777777832,840.2777777777832,840.2777777777832,840.2777777777832,840.2777777777832,840.2777777777832,840.2777777777832,840.2777777777832,840.2777777777832,840.2777777777832,840.2777777777832,840.2777777777832,840.2777777777832,840.2777777777832,840.2777777777832,840.2777777777832,840.2777777777832,840.2777777777832,840.2777777777832,840.2777777777832,840.2777777777832,840.2777777777832,840.2777777777832,840.2777777777832,840.2777777777832,840.2777777777832,840.2777777777832,840.2777777777832,840.2777777777832,840.2777777777832,840.2777777777832,840.2777777777832,840.2777777777832,840.2777777777832,840.2777777777832,840.2777777777832,840.2777777777832,840.2777777777832,840.2777777777832,840.2777777777832,840.2777777777832,840.2777777777832,840.2777777777832,840.2777777777832,840.2777777777832,840.2777777777832,840.2777777777832,840.2777777777832,840.2777777777832,840.2777777777832,840.2777777777832,840.2777777777832,840.2777777777832,840.2777777777832,840.2777777777832,840.2777777777832,840.2777777777832,840.2777777777832,840.2777777777832,840.2777777777832,840.2777777777832,840.2777777777832,840.2777777777832,840.2777777777832,840.2777777777832,840.2777777777832,840.2777777777832,840.2777777777832,840.2777777777832,840.2777777777832,840.2777777777832,840.2777777777832,840.2777777777832,840.2777777777832,840.2777777777832,840.2777777777832,840.2777777777832,840.2777777777832,840.2777777777832,840.2777777777832,840.2777777777832,840.2777777777832,840.2777777777832,840.2777777777832,840.2777777777832,840.2777777777832,840.2777777777832,840.2777777777832,840.2777777777832,840.2777777777832,840.2777777777832,840.2777777777832,840.2777777777832,840.2777777777832,840.2777777777832,840.2777777777832,840.2777777777832,840.2777777777832,840.2777777777832,840.2777777777832,840.2777777777832,840.2777777777832,840.2777777777832,840.2777777777832,840.2777777777832,840.2777777777832,840.2777777777832,840.2777777777832,840.2777777777832,840.2777777777832,840.2777777777832,840.2777777777832,840.2777777777832,840.2777777777832,840.2777777777832,840.2777777777832,840.2777777777832,840.2777777777832,840.2777777777832,840.2777777777832,840.2777777777832,840.2777777777832,840.2777777777832,840.2777777777832,840.2777777777832,840.2777777777832,840.2777777777832,840.2777777777832,840.2777777777832,840.2777777777832,840.2777777777832,840.2777777777832,840.2777777777832,840.2777777777832,840.2777777777832,840.2777777777832,840.2777777777832,840.2777777777832,840.2777777777832,840.2777777777832,840.2777777777832,840.2777777777832,840.2777777777832,840.2777777777832,840.2777777777832,840.2777777777832,840.2777777777832,840.2777777777832,840.2777777777832,840.2777777777832,840.2777777777832,840.2777777777832,840.2777777777832,840.2777777777832,840.2777777777832,840.2777777777832,840.2777777777832,840.2777777777832,840.2777777777832,840.2777777777832,840.2777777777832,840.2777777777832,840.2777777777832,840.2777777777832,840.2777777777832,840.2777777777832,840.2777777777832,840.2777777777832,840.2777777777832,840.2777777777832,840.2777777777832,840.2777777777832,840.2777777777832,840.2777777777832,840.2777777777832,840.2777777777832,840.2777777777832,840.2777777777832,840.2777777777832,840.2777777777832,840.2777777777832,840.2777777777832,840.2777777777832,840.2777777777832,840.2777777777832,840.2777777777832,840.2777777777832,840.2777777777832,840.2777777777832,840.2777777777832,840.2777777777832,840.2777777777832,840.2777777777832,840.2777777777832,840.2777777777832,840.2777777777832,840.2777777777832,840.2777777777832,840.2777777777832,840.2777777777832,840.2777777777832,840.2777777777832,840.2777777777832,840.2777777777832,840.2777777777832,840.2777777777832,840.2777777777832,840.2777777777832,840.2777777777832,840.2777777777832,840.2777777777832,840.2777777777832,840.2777777777832,840.2777777777832,840.2777777777832,840.2777777777832,840.2777777777832,840.2777777777832,840.2777777777832,840.2777777777832,840.2777777777832,840.2777777777832,840.2777777777832,840.2777777777832,840.2777777777832,840.2777777777832,840.2777777777832,840.2777777777832,840.2777777777832,840.2777777777832,840.2777777777832,840.2777777777832,840.2777777777832,840.2777777777832,840.2777777777832,840.2777777777832,840.2777777777832,840.2777777777832,840.2777777777832,840.2777777777832,840.2777777777832,840.2777777777832,840.2777777777832,840.2777777777832,840.2777777777832,840.2777777777832,840.2777777777832,840.2777777777832,840.2777777777832,840.2777777777832,840.2777777777832,840.2777777777832,840.2777777777832,840.2777777777832,840.2777777777832,840.2777777777832,840.2777777777832,840.2777777777832,840.2777777777832,840.2777777777832,840.2777777777832,840.2777777777832,840.2777777777832,840.2777777777832,840.2777777777832,840.2777777777832,840.2777777777832,840.2777777777832,840.2777777777832,840.2777777777832,840.2777777777832,840.2777777777832,840.2777777777832,840.2777777777832,840.2777777777832,840.2777777777832,840.2777777777832,840.2777777777832,840.2777777777832,840.2777777777832,840.2777777777832,840.2777777777832,840.2777777777832,840.2777777777832,840.2777777777832,840.2777777777832,840.2777777777832,840.2777777777832,840.2777777777832,840.2777777777832,840.2777777777832,840.2777777777832,840.2777777777832,840.2777777777832,840.2777777777832,840.2777777777832,840.2777777777832,840.2777777777832,840.2777777777832,840.2777777777832,840.2777777777832,840.2777777777832,840.2777777777832,840.2777777777832,840.2777777777832,840.2777777777832,840.2777777777832,840.2777777777832,840.2777777777832,840.2777777777832,840.2777777777832,840.2777777777832,840.2777777777832,840.2777777777832,840.2777777777832,840.2777777777832,840.2777777777832,840.2777777777832,840.2777777777832,840.2777777777832,840.2777777777832,840.2777777777832,840.2777777777832,840.2777777777832,840.2777777777832,840.2777777777832,840.2777777777832,840.2777777777832,840.2777777777832,840.2777777777832,840.2777777777832,840.2777777777832,840.2777777777832,840.2777777777832,840.2777777777832,840.2777777777832,840.2777777777832,840.2777777777832,840.2777777777832,840.2777777777832,840.2777777777832,840.2777777777832,840.2777777777832,840.2777777777832,840.2777777777832,840.2777777777832,840.2777777777832,840.2777777777832,840.2777777777832,840.2777777777832,840.2777777777832,840.2777777777832,840.2777777777832,840.2777777777832,840.2777777777832,840.2777777777832,840.2777777777832,840.2777777777832,840.2777777777832,840.2777777777832,840.2777777777832,840.2777777777832,840.2777777777832,840.2777777777832,840.2777777777832,840.2777777777832,840.2777777777832,840.2777777777832,840.2777777777832,840.2777777777832,840.2777777777832,840.2777777777832,840.2777777777832,840.2777777777832,840.2777777777832,840.2777777777832,840.2777777777832,840.2777777777832,840.2777777777832,840.2777777777832,840.2777777777832,840.2777777777832,840.2777777777832,840.2777777777832,840.2777777777832,840.2777777777832,840.2777777777832,840.2777777777832,840.2777777777832,840.2777777777832,840.2777777777832,840.2777777777832,840.2777777777832,840.2777777777832,840.2777777777832,840.2777777777832,840.2777777777832,840.2777777777832,840.2777777777832,840.2777777777832,840.2777777777832,840.2777777777832,840.2777777777832,840.2777777777832,840.2777777777832,840.2777777777832,840.2777777777832,840.2777777777832,840.2777777777832,840.2777777777832,840.2777777777832,840.2777777777832,840.2777777777832,840.2777777777832,840.2777777777832,840.2777777777832,840.2777777777832,840.2777777777832,840.2777777777832,840.2777777777832,840.2777777777832,840.2777777777832,840.2777777777832,840.2777777777832,840.2777777777832,840.2777777777832,840.2777777777832,840.2777777777832,840.2777777777832,840.2777777777832,840.2777777777832,840.2777777777832,840.2777777777832,840.2777777777832,840.2777777777832,840.2777777777832,840.2777777777832,840.2777777777832,840.2777777777832,840.2777777777832,840.2777777777832,840.2777777777832,840.2777777777832,840.2777777777832,840.2777777777832,840.2777777777832,840.2777777777832,840.2777777777832,840.2777777777832,840.2777777777832,840.2777777777832,840.2777777777832,840.2777777777832,840.2777777777832,840.2777777777832,840.2777777777832,840.2777777777832,840.2777777777832,840.2777777777832,840.2777777777832,840.2777777777832,840.2777777777832,840.2777777777832,840.2777777777832,840.2777777777832,840.2777777777832,840.2777777777832,840.2777777777832,840.2777777777832,840.2777777777832,840.2777777777832,840.2777777777832,840.2777777777832,840.2777777777832,840.2777777777832,840.2777777777832,840.2777777777832,840.2777777777832,840.2777777777832,840.2777777777832,840.2777777777832,840.2777777777832,840.2777777777832,840.2777777777832,840.2777777777832,840.2777777777832,840.2777777777832,840.2777777777832,840.2777777777832,840.2777777777832,840.2777777777832,840.2777777777832,840.2777777777832,840.2777777777832,840.2777777777832,840.2777777777832,840.2777777777832,840.2777777777832,840.2777777777832,840.2777777777832,840.2777777777832,840.2777777777832,840.2777777777832,840.2777777777832,840.2777777777832,840.2777777777832,840.2777777777832,840.2777777777832,840.2777777777832,840.2777777777832,840.2777777777832,840.2777777777832,840.2777777777832,840.2777777777832,840.2777777777832,840.2777777777832,840.2777777777832,840.2777777777832,840.2777777777832,840.2777777777832,840.2777777777832,840.2777777777832,840.2777777777832,840.2777777777832,840.2777777777832,840.2777777777832,840.2777777777832,840.2777777777832,840.2777777777832,840.2777777777832,840.2777777777832,840.2777777777832,840.2777777777832,840.2777777777832,840.2777777777832,840.2777777777832,840.2777777777832,840.2777777777832,840.2777777777832,840.2777777777832,840.2777777777832,840.2777777777832,840.2777777777832,840.2777777777832,840.2777777777832,840.2777777777832,840.2777777777832,840.2777777777832,840.2777777777832,840.2777777777832,840.2777777777832,840.2777777777832,840.2777777777832,840.2777777777832,840.2777777777832,840.2777777777832,840.2777777777832,840.2777777777832,840.2777777777832,840.2777777777832,840.2777777777832,840.2777777777832,840.2777777777832,840.2777777777832,840.2777777777832,840.2777777777832,840.2777777777832,840.2777777777832,840.2777777777832,840.2777777777832,840.2777777777832,840.2777777777832,840.2777777777832,840.2777777777832,840.2777777777832,840.2777777777832,840.2777777777832,840.2777777777832,840.2777777777832,840.2777777777832,840.2777777777832,840.2777777777832,840.2777777777832,840.2777777777832,840.2777777777832,840.2777777777832,840.2777777777832,840.2777777777832,840.2777777777832,840.2777777777832,840.2777777777832,840.2777777777832,840.2777777777832,840.2777777777832,840.2777777777832,840.2777777777832,840.2777777777832,840.2777777777832,840.2777777777832,840.2777777777832,840.2777777777832,840.2777777777832,840.2777777777832,840.2777777777832,840.2777777777832,840.2777777777832,840.2777777777832,840.2777777777832,840.2777777777832,840.2777777777832,840.2777777777832,840.2777777777832,840.2777777777832,840.2777777777832,840.2777777777832,840.2777777777832,840.2777777777832,840.2777777777832,840.2777777777832,840.2777777777832,840.2777777777832,840.2777777777832,840.2777777777832,840.2777777777832,840.2777777777832,840.2777777777832,840.2777777777832,840.2777777777832,840.2777777777832,840.2777777777832,840.2777777777832,840.2777777777832,840.2777777777832,840.2777777777832,840.2777777777832,840.2777777777832,840.2777777777832,840.2777777777832,840.2777777777832,840.2777777777832,840.2777777777832,840.2777777777832,840.2777777777832,840.2777777777832,840.2777777777832,840.2777777777832,840.2777777777832,840.2777777777832,840.2777777777832,840.2777777777832,840.2777777777832,840.2777777777832,840.2777777777832,840.2777777777832,840.2777777777832,840.2777777777832,840.2777777777832,840.2777777777832,840.2777777777832,840.2777777777832,840.2777777777832,840.2777777777832,840.2777777777832,840.2777777777832,840.2777777777832,840.2777777777832,840.2777777777832,840.2777777777832,840.2777777777832,840.2777777777832,840.2777777777832,840.2777777777832,840.2777777777832,840.2777777777832,840.2777777777832,840.2777777777832,840.2777777777832,840.2777777777832,840.2777777777832,840.2777777777832,840.2777777777832,840.2777777777832,840.2777777777832,840.2777777777832,840.2777777777832,840.2777777777832,840.2777777777832,840.2777777777832,840.2777777777832,840.2777777777832,840.2777777777832,840.2777777777832,840.2777777777832,840.2777777777832,840.2777777777832,840.2777777777832,840.2777777777832,840.2777777777832,840.2777777777832,840.2777777777832,840.2777777777832,840.2777777777832,840.2777777777832,840.2777777777832,840.2777777777832,840.2777777777832,840.2777777777832,840.2777777777832,840.2777777777832,840.2777777777832,840.2777777777832,840.2777777777832,840.2777777777832,840.2777777777832,840.2777777777832,840.2777777777832,840.2777777777832,840.2777777777832,840.2777777777832,840.2777777777832,840.2777777777832,840.2777777777832,840.2777777777832,840.2777777777832,840.2777777777832,840.2777777777832,840.2777777777832,840.2777777777832,840.2777777777832,840.2777777777832,840.2777777777832,840.2777777777832,840.2777777777832,840.2777777777832,840.2777777777832,840.2777777777832,840.2777777777832,840.2777777777832,840.2777777777832,840.2777777777832,840.2777777777832,840.2777777777832,840.2777777777832,840.2777777777832,840.2777777777832,840.2777777777832,840.2777777777832,840.2777777777832,840.2777777777832,840.2777777777832,840.2777777777832,840.2777777777832,840.2777777777832,840.2777777777832,840.2777777777832,840.2777777777832,840.2777777777832,840.2777777777832,840.2777777777832,840.2777777777832,840.2777777777832,840.2777777777832,840.2777777777832,840.2777777777832,840.2777777777832,840.2777777777832,840.2777777777832,840.2777777777832,840.2777777777832,840.2777777777832,840.2777777777832,840.2777777777832,840.2777777777832,840.2777777777832,840.2777777777832,840.2777777777832,840.2777777777832,840.2777777777832,840.2777777777832,840.2777777777832,840.2777777777832,840.2777777777832,840.2777777777832,840.2777777777832,840.2777777777832,840.2777777777832,840.2777777777832,840.2777777777832,840.2777777777832,840.2777777777832,840.2777777777832,840.2777777777832,840.2777777777832,840.2777777777832,840.2777777777832,840.2777777777832,840.2777777777832,840.2777777777832,840.2777777777832,840.2777777777832,840.2777777777832,840.2777777777832,840.2777777777832,840.2777777777832,840.2777777777832,840.2777777777832,840.2777777777832,840.2777777777832,840.2777777777832,840.2777777777832,840.2777777777832,840.2777777777832,840.2777777777832,840.2777777777832,840.2777777777832,840.2777777777832,840.2777777777832,840.2777777777832,840.2777777777832,840.2777777777832,840.2777777777832,840.2777777777832,840.2777777777832,840.2777777777832,840.2777777777832,840.2777777777832,840.2777777777832,840.2777777777832,840.2777777777832,840.2777777777832,840.2777777777832,840.2777777777832,840.2777777777832,840.2777777777832,840.2777777777832,840.2777777777832,840.2777777777832,840.2777777777832,840.2777777777832,840.2777777777832,840.2777777777832,840.2777777777832,840.2777777777832,840.2777777777832,840.2777777777832,840.2777777777832,840.2777777777832,840.2777777777832,840.2777777777832,840.2777777777832,840.2777777777832,840.2777777777832,840.2777777777832,840.2777777777832,840.2777777777832,840.2777777777832,840.2777777777832,840.2777777777832,840.2777777777832,840.2777777777832,840.2777777777832,840.2777777777832,840.2777777777832,840.2777777777832,840.2777777777832,840.2777777777832,840.2777777777832,840.2777777777832,840.2777777777832,840.2777777777832,840.2777777777832,840.2777777777832,840.2777777777832,840.2777777777832,840.2777777777832,840.2777777777832,840.2777777777832,840.2777777777832,840.2777777777832,840.2777777777832,840.2777777777832,840.2777777777832,840.2777777777832,840.2777777777832,840.2777777777832,840.2777777777832,840.2777777777832,840.2777777777832,840.2777777777832,840.2777777777832,840.2777777777832,840.2777777777832,840.2777777777832,840.2777777777832,840.2777777777832,840.2777777777832,840.2777777777832,840.2777777777832,840.2777777777832,840.2777777777832,840.2777777777832,840.2777777777832,840.2777777777832,840.2777777777832,840.2777777777832,840.2777777777832,840.2777777777832,840.2777777777832,840.2777777777832,840.2777777777832,840.2777777777832,840.2777777777832,840.2777777777832,840.2777777777832,840.2777777777832,840.2777777777832,840.2777777777832,840.2777777777832,840.2777777777832,840.2777777777832,840.2777777777832,840.2777777777832,840.2777777777832,840.2777777777832,840.2777777777832,840.2777777777832,840.2777777777832,840.2777777777832,840.2777777777832,840.2777777777832,840.2777777777832,840.2777777777832,840.2777777777832,840.2777777777832,840.2777777777832,840.2777777777832,840.2777777777832,840.2777777777832,840.2777777777832,840.2777777777832,840.2777777777832,840.2777777777832,840.2777777777832,840.2777777777832,840.2777777777832,840.2777777777832,840.2777777777832,840.2777777777832,840.2777777777832,840.2777777777832,840.2777777777832,840.2777777777832,840.2777777777832,840.2777777777832,840.2777777777832,840.2777777777832,840.2777777777832,840.2777777777832,840.2777777777832,840.2777777777832,840.2777777777832,840.2777777777832,840.2777777777832,840.2777777777832,840.2777777777832,840.2777777777832,840.2777777777832,840.2777777777832,840.2777777777832,840.2777777777832,840.2777777777832,840.2777777777832,840.2777777777832,840.2777777777832,840.2777777777832,840.2777777777832,840.2777777777832,840.2777777777832,840.2777777777832,840.2777777777832,840.2777777777832,840.2777777777832,840.2777777777832,840.2777777777832,840.2777777777832,840.2777777777832,840.2777777777832,840.2777777777832,840.2777777777832,840.2777777777832,840.2777777777832,840.2777777777832,840.2777777777832,840.2777777777832,840.2777777777832,840.2777777777832,840.2777777777832,840.2777777777832,840.2777777777832,840.2777777777832,840.2777777777832,840.2777777777832,840.2777777777832,840.2777777777832,840.2777777777832,840.2777777777832,840.2777777777832,840.2777777777832,840.2777777777832,840.2777777777832,840.2777777777832,840.2777777777832,840.2777777777832,840.2777777777832,840.2777777777832,840.2777777777832,840.2777777777832,840.2777777777832,840.2777777777832,840.2777777777832,840.2777777777832,840.2777777777832,840.2777777777832,840.2777777777832,840.2777777777832,840.2777777777832,840.2777777777832,840.2777777777832,840.2777777777832,840.2777777777832,840.2777777777832,840.2777777777832,840.2777777777832,840.2777777777832,840.2777777777832,840.2777777777832,840.2777777777832,840.2777777777832,840.2777777777832,840.2777777777832,840.2777777777832,840.2777777777832,840.2777777777832,840.2777777777832,840.2777777777832,840.2777777777832,840.2777777777832,840.2777777777832,840.2777777777832,840.2777777777832,840.2777777777832,840.2777777777832,840.2777777777832,840.2777777777832,840.2777777777832,840.2777777777832,840.2777777777832,840.2777777777832,840.2777777777832,840.2777777777832,840.2777777777832,840.2777777777832,840.2777777777832,840.2777777777832,840.2777777777832,840.2777777777832,840.2777777777832,840.2777777777832,840.2777777777832,840.2777777777832,840.2777777777832,840.2777777777832,840.2777777777832,840.2777777777832,840.2777777777832,840.2777777777832,840.2777777777832,840.2777777777832,840.2777777777832,840.2777777777832,840.2777777777832,840.2777777777832,840.2777777777832,840.2777777777832,840.2777777777832,840.2777777777832,840.2777777777832,840.2777777777832,840.2777777777832,840.2777777777832,840.2777777777832,840.2777777777832,840.2777777777832,840.2777777777832,840.2777777777832,840.2777777777832,840.2777777777832,840.2777777777832,840.2777777777832,840.2777777777832,840.2777777777832,840.2777777777832,840.2777777777832,840.2777777777832,840.2777777777832,840.2777777777832,840.2777777777832,840.2777777777832,840.2777777777832,840.2777777777832,840.2777777777832,840.2777777777832,840.2777777777832,840.2777777777832,840.2777777777832,840.2777777777832,840.2777777777832,840.2777777777832,840.2777777777832,840.2777777777832,840.2777777777832,840.2777777777832,840.2777777777832,840.2777777777832,840.2777777777832,840.2777777777832,840.2777777777832,840.2777777777832,840.2777777777832,840.2777777777832,840.2777777777832,840.2777777777832,840.2777777777832,840.2777777777832,840.2777777777832,840.2777777777832,840.2777777777832,840.2777777777832,840.2777777777832,840.2777777777832,840.2777777777832,840.2777777777832,840.2777777777832,840.2777777777832,840.2777777777832,840.2777777777832,840.2777777777832,840.2777777777832,840.2777777777832,840.2777777777832,840.2777777777832,840.2777777777832,840.2777777777832,840.2777777777832,840.2777777777832,840.2777777777832,840.2777777777832,840.2777777777832,840.2777777777832,840.2777777777832,840.2777777777832,840.2777777777832,840.2777777777832,840.2777777777832,840.2777777777832,840.2777777777832,840.2777777777832,840.2777777777832,840.2777777777832,840.2777777777832,840.2777777777832,840.2777777777832,840.2777777777832,840.2777777777832,840.2777777777832,840.2777777777832,840.2777777777832,840.2777777777832,840.2777777777832,840.2777777777832,840.2777777777832,840.2777777777832,840.2777777777832,840.2777777777832,840.2777777777832,840.2777777777832,840.2777777777832,840.2777777777832,840.2777777777832,840.2777777777832,840.2777777777832,840.2777777777832,840.2777777777832,840.2777777777832,840.2777777777832,840.2777777777832,840.2777777777832,840.2777777777832,840.2777777777832,840.2777777777832,840.2777777777832,840.2777777777832,840.2777777777832,840.2777777777832,840.2777777777832,840.2777777777832,840.2777777777832,840.2777777777832,840.2777777777832,840.2777777777832,840.2777777777832,840.2777777777832,840.2777777777832,840.2777777777832,840.2777777777832,840.2777777777832,840.2777777777832,840.2777777777832,840.2777777777832,840.2777777777832,840.2777777777832,840.2777777777832,840.2777777777832,840.2777777777832,840.2777777777832,840.2777777777832,840.2777777777832,840.2777777777832,840.2777777777832,840.2777777777832,840.2777777777832,840.2777777777832,840.2777777777832,840.2777777777832,840.2777777777832,840.2777777777832,840.2777777777832,840.2777777777832,840.2777777777832,840.2777777777832,840.2777777777832,840.2777777777832,840.2777777777832,840.2777777777832,840.2777777777832,840.2777777777832,840.2777777777832,840.2777777777832,840.2777777777832,840.2777777777832,840.2777777777832,840.2777777777832,840.2777777777832,840.2777777777832,840.2777777777832,840.2777777777832,840.2777777777832,840.2777777777832,840.2777777777832,840.2777777777832,840.2777777777832,840.2777777777832,840.2777777777832,840.2777777777832,840.2777777777832,840.2777777777832,840.2777777777832,840.2777777777832,840.2777777777832,840.2777777777832,840.2777777777832,840.2777777777832,840.2777777777832,840.2777777777832,840.2777777777832,840.2777777777832,840.2777777777832,840.2777777777832,840.2777777777832,840.2777777777832,840.2777777777832,840.2777777777832,840.2777777777832,840.2777777777832,840.2777777777832,840.2777777777832,840.2777777777832,840.2777777777832,840.2777777777832,840.2777777777832,840.2777777777832,840.2777777777832,840.2777777777832,840.2777777777832,840.2777777777832,840.2777777777832,840.2777777777832,840.2777777777832,840.2777777777832,840.2777777777832,840.2777777777832,840.2777777777832,840.2777777777832,840.2777777777832,840.2777777777832,840.2777777777832,840.2777777777832,840.2777777777832,840.2777777777832,840.2777777777832,840.2777777777832,840.2777777777832,840.2777777777832,840.2777777777832,840.2777777777832,840.2777777777832,840.2777777777832,840.2777777777832,840.2777777777832,840.2777777777832,840.2777777777832,840.2777777777832,840.2777777777832,840.2777777777832,840.2777777777832,840.2777777777832,840.2777777777832,840.2777777777832,840.2777777777832,840.2777777777832,840.2777777777832,840.2777777777832,840.2777777777832,840.2777777777832,840.2777777777832,840.2777777777832,840.2777777777832,840.2777777777832,840.2777777777832,840.2777777777832,840.2777777777832,840.2777777777832,840.2777777777832,840.2777777777832,840.2777777777832,840.2777777777832,840.2777777777832,840.2777777777832,840.2777777777832,840.2777777777832,840.2777777777832,840.2777777777832,840.2777777777832,840.2777777777832,840.2777777777832,840.2777777777832,840.2777777777832,840.2777777777832,840.2777777777832,840.2777777777832,840.2777777777832,840.2777777777832,840.2777777777832,840.2777777777832,840.2777777777832,840.2777777777832,840.2777777777832,840.2777777777832,840.2777777777832,840.2777777777832,840.2777777777832,840.2777777777832,840.2777777777832,840.2777777777832,840.2777777777832,840.2777777777832,840.2777777777832,840.2777777777832,840.2777777777832,840.2777777777832,840.2777777777832,840.2777777777832,840.2777777777832,840.2777777777832,840.2777777777832,840.2777777777832,840.2777777777832,840.2777777777832,840.2777777777832,840.2777777777832,840.2777777777832,840.2777777777832,840.2777777777832,840.2777777777832,840.2777777777832,840.2777777777832,840.2777777777832,840.2777777777832,840.2777777777832,840.2777777777832,840.2777777777832,840.2777777777832,840.2777777777832,840.2777777777832,840.2777777777832,840.2777777777832,840.2777777777832,840.2777777777832,840.2777777777832,840.2777777777832,840.2777777777832,840.2777777777832,840.2777777777832,840.2777777777832,840.2777777777832,840.2777777777832,840.2777777777832,840.2777777777832,840.2777777777832,840.2777777777832,840.2777777777832,840.2777777777832,840.2777777777832,840.2777777777832,840.2777777777832,840.2777777777832,840.2777777777832,840.2777777777832,840.2777777777832,840.2777777777832,840.2777777777832,840.2777777777832,840.2777777777832,840.2777777777832,840.2777777777832,840.2777777777832,840.2777777777832,840.2777777777832,840.2777777777832,840.2777777777832,840.2777777777832,840.2777777777832,840.2777777777832,840.2777777777832,840.2777777777832,840.2777777777832,840.2777777777832,840.2777777777832,840.2777777777832,840.2777777777832,840.2777777777832,840.2777777777832,840.2777777777832,840.2777777777832,840.2777777777832,840.2777777777832,840.2777777777832,840.2777777777832,840.2777777777832,840.2777777777832,840.2777777777832,840.2777777777832,840.2777777777832,840.2777777777832,840.2777777777832,840.2777777777832,840.2777777777832,840.2777777777832,840.2777777777832,840.2777777777832,840.2777777777832,840.2777777777832,840.2777777777832,840.2777777777832,840.2777777777832,840.2777777777832,840.2777777777832,840.2777777777832,840.2777777777832,840.2777777777832,840.2777777777832,840.2777777777832,840.2777777777832,840.2777777777832,840.2777777777832,840.2777777777832,840.2777777777832,840.2777777777832,840.2777777777832,840.2777777777832,840.2777777777832,840.2777777777832,840.2777777777832,840.2777777777832,840.2777777777832,840.2777777777832,840.2777777777832,840.2777777777832,840.2777777777832,840.2777777777832,840.2777777777832,840.2777777777832,840.2777777777832,840.2777777777832,840.2777777777832,840.2777777777832,840.2777777777832,840.2777777777832,840.2777777777832,840.2777777777832,840.2777777777832,840.2777777777832,840.2777777777832,840.2777777777832,840.2777777777832,840.2777777777832,840.2777777777832,840.2777777777832,840.2777777777832,840.2777777777832,840.2777777777832,840.2777777777832,840.2777777777832,840.2777777777832,840.2777777777832,840.2777777777832,840.2777777777832,840.2777777777832,840.2777777777832,840.2777777777832,840.2777777777832,840.2777777777832,840.2777777777832,840.2777777777832,840.2777777777832,840.2777777777832,840.2777777777832,840.2777777777832,840.2777777777832,840.2777777777832,840.2777777777832,840.2777777777832,840.2777777777832,840.2777777777832,840.2777777777832,840.2777777777832,840.2777777777832,840.2777777777832,840.2777777777832,840.2777777777832,840.2777777777832,840.2777777777832,840.2777777777832,840.2777777777832,840.2777777777832,840.2777777777832,840.2777777777832,840.2777777777832,840.2777777777832,840.2777777777832,840.2777777777832,840.2777777777832,840.2777777777832,840.2777777777832,840.2777777777832,840.2777777777832,840.2777777777832,840.2777777777832,840.2777777777832,840.2777777777832,840.2777777777832,840.2777777777832,840.2777777777832,840.2777777777832,840.2777777777832,840.2777777777832,840.2777777777832,840.2777777777832,840.2777777777832,840.2777777777832,840.2777777777832,840.2777777777832,840.2777777777832,840.2777777777832,840.2777777777832,840.2777777777832,840.2777777777832,840.2777777777832,840.2777777777832,840.2777777777832,840.2777777777832,840.2777777777832,840.2777777777832,840.2777777777832,840.2777777777832,840.2777777777832,840.2777777777832,840.2777777777832,840.2777777777832,840.2777777777832,840.2777777777832,840.2777777777832,840.2777777777832,840.2777777777832,840.2777777777832,840.2777777777832,840.2777777777832,840.2777777777832,840.2777777777832,840.2777777777832,840.2777777777832,840.2777777777832,840.2777777777832,840.2777777777832,840.2777777777832,840.2777777777832,840.2777777777832,840.2777777777832,840.2777777777832,840.2777777777832,840.2777777777832,840.2777777777832,840.2777777777832,840.2777777777832,840.2777777777832,840.2777777777832,840.2777777777832,840.2777777777832,840.2777777777832,840.2777777777832,840.2777777777832,840.2777777777832,840.2777777777832,840.2777777777832,840.2777777777832,840.2777777777832,840.2777777777832,840.2777777777832,840.2777777777832,840.2777777777832,840.2777777777832,840.2777777777832,840.2777777777832,840.2777777777832,840.2777777777832,840.2777777777832,840.2777777777832,840.2777777777832,840.2777777777832,840.2777777777832,840.2777777777832,840.2777777777832,840.2777777777832,840.2777777777832,840.2777777777832,840.2777777777832,840.2777777777832,840.2777777777832,840.2777777777832,840.2777777777832,840.2777777777832,840.2777777777832,840.2777777777832,840.2777777777832,840.2777777777832,840.2777777777832,840.2777777777832,840.2777777777832,840.2777777777832,840.2777777777832,840.2777777777832,840.2777777777832,840.2777777777832,840.2777777777832,840.2777777777832,840.2777777777832,840.2777777777832,840.2777777777832,840.2777777777832,840.2777777777832,840.2777777777832,840.2777777777832,840.2777777777832,840.2777777777832,840.2777777777832,840.2777777777832,840.2777777777832,840.2777777777832,840.2777777777832,840.2777777777832,840.2777777777832,840.2777777777832,840.2777777777832,840.2777777777832,840.2777777777832,840.2777777777832,840.2777777777832,840.2777777777832,840.2777777777832,840.2777777777832,840.2777777777832,840.2777777777832,840.2777777777832,840.2777777777832,840.2777777777832,840.2777777777832,840.2777777777832,840.2777777777832,840.2777777777832,840.2777777777832,840.2777777777832,840.2777777777832,840.2777777777832,840.2777777777832,840.2777777777832,840.2777777777832,840.2777777777832,840.2777777777832,840.2777777777832,840.2777777777832,840.2777777777832,840.2777777777832,840.2777777777832,840.2777777777832,840.2777777777832,840.2777777777832,840.2777777777832,840.2777777777832,840.2777777777832,840.2777777777832,840.2777777777832,840.2777777777832,840.2777777777832,840.2777777777832,840.2777777777832,840.2777777777832,840.2777777777832,840.2777777777832,840.2777777777832,840.2777777777832,840.2777777777832,840.2777777777832,840.2777777777832,840.2777777777832,840.2777777777832,840.2777777777832,840.2777777777832,840.2777777777832,840.2777777777832,840.2777777777832,840.2777777777832,840.2777777777832,840.2777777777832,840.2777777777832,840.2777777777832,840.2777777777832,840.2777777777832,840.2777777777832,840.2777777777832,840.2777777777832,840.2777777777832,840.2777777777832,840.2777777777832,840.2777777777832,840.2777777777832,840.2777777777832,840.2777777777832,840.2777777777832,840.2777777777832,840.2777777777832,840.2777777777832,840.2777777777832,840.2777777777832,840.2777777777832,840.2777777777832,840.2777777777832,840.2777777777832,840.2777777777832,840.2777777777832,840.2777777777832,840.2777777777832,840.2777777777832,840.2777777777832,840.2777777777832,840.2777777777832,840.2777777777832,840.2777777777832,840.2777777777832,840.2777777777832,840.2777777777832,840.2777777777832,840.2777777777832,840.2777777777832,840.2777777777832,840.2777777777832,840.2777777777832,840.2777777777832,840.2777777777832,840.2777777777832,840.2777777777832,840.2777777777832,840.2777777777832,840.2777777777832,840.2777777777832,840.2777777777832,840.2777777777832,840.2777777777832,840.2777777777832,840.2777777777832,840.2777777777832,840.2777777777832,840.2777777777832,840.2777777777832,840.2777777777832,840.2777777777832,840.2777777777832,840.2777777777832,840.2777777777832,840.2777777777832,840.2777777777832,840.2777777777832,840.2777777777832,840.2777777777832,840.2777777777832,840.2777777777832,840.2777777777832,840.2777777777832,840.2777777777832,840.2777777777832,840.2777777777832,840.2777777777832,840.2777777777832,840.2777777777832,840.2777777777832,840.2777777777832,840.2777777777832,840.2777777777832,840.2777777777832,840.2777777777832,840.2777777777832,840.2777777777832,840.2777777777832,840.2777777777832,840.2777777777832,840.2777777777832,840.2777777777832,840.2777777777832,840.2777777777832,840.2777777777832,840.2777777777832,840.2777777777832,840.2777777777832,840.2777777777832,840.2777777777832,840.2777777777832,840.2777777777832,840.2777777777832,840.2777777777832,840.2777777777832,840.2777777777832,840.2777777777832,840.2777777777832,840.2777777777832,840.2777777777832,840.2777777777832,840.2777777777832,840.2777777777832,840.2777777777832,840.2777777777832,840.2777777777832,840.2777777777832,840.2777777777832,840.2777777777832,840.2777777777832,840.2777777777832,840.2777777777832,840.2777777777832,840.2777777777832,840.2777777777832,840.2777777777832,840.2777777777832,840.2777777777832,840.2777777777832,840.2777777777832,840.2777777777832,840.2777777777832,840.2777777777832,840.2777777777832,840.2777777777832,840.2777777777832,840.2777777777832,840.2777777777832,840.2777777777832,840.2777777777832,840.2777777777832,840.2777777777832,840.2777777777832,840.2777777777832,840.2777777777832,840.2777777777832,840.2777777777832,840.2777777777832,840.2777777777832,840.2777777777832,840.2777777777832,840.2777777777832,840.2777777777832,840.2777777777832,840.2777777777832,840.2777777777832,840.2777777777832,840.2777777777832,840.2777777777832,840.2777777777832,840.2777777777832,840.2777777777832,840.2777777777832,840.2777777777832,840.2777777777832,840.2777777777832,840.2777777777832,840.2777777777832,840.2777777777832,840.2777777777832,840.2777777777832,840.2777777777832,840.2777777777832,840.2777777777832,840.2777777777832,840.2777777777832,840.2777777777832,840.2777777777832,840.2777777777832,840.2777777777832,840.2777777777832,840.2777777777832,840.2777777777832,840.2777777777832,840.2777777777832,840.2777777777832,840.2777777777832,840.2777777777832,840.2777777777832,840.2777777777832,840.2777777777832,840.2777777777832,840.2777777777832,840.2777777777832,840.2777777777832,840.2777777777832,840.2777777777832,840.2777777777832,840.2777777777832,840.2777777777832,840.2777777777832,840.2777777777832,840.2777777777832,840.2777777777832,840.2777777777832,840.2777777777832,840.2777777777832,840.2777777777832,840.2777777777832,840.2777777777832,840.2777777777832,840.2777777777832,840.2777777777832,840.2777777777832,840.2777777777832,840.2777777777832,840.2777777777832,840.2777777777832,840.2777777777832,840.2777777777832,840.2777777777832,840.2777777777832,840.2777777777832,840.2777777777832,840.2777777777832,840.2777777777832,840.2777777777832,840.2777777777832,840.2777777777832,840.2777777777832,840.2777777777832,840.2777777777832,840.2777777777832,840.2777777777832,840.2777777777832,840.2777777777832,840.2777777777832,840.2777777777832,840.2777777777832,840.2777777777832,840.2777777777832,840.2777777777832,840.2777777777832,840.2777777777832,840.2777777777832,840.2777777777832,840.2777777777832,840.2777777777832,840.2777777777832,840.2777777777832,840.2777777777832,840.2777777777832,840.2777777777832,840.2777777777832,840.2777777777832,840.2777777777832,840.2777777777832,840.2777777777832,840.2777777777832,840.2777777777832,840.2777777777832,840.2777777777832,840.2777777777832,840.2777777777832,840.2777777777832,840.2777777777832,840.2777777777832,840.2777777777832,840.2777777777832,840.2777777777832,840.2777777777832,840.2777777777832,840.2777777777832,840.2777777777832,840.2777777777832,840.2777777777832,840.2777777777832,840.2777777777832,840.2777777777832,840.2777777777832,840.2777777777832,840.2777777777832,840.2777777777832,840.2777777777832,840.2777777777832,840.2777777777832,840.2777777777832,840.2777777777832,840.2777777777832,840.2777777777832,840.2777777777832,840.2777777777832,840.2777777777832,840.2777777777832,840.2777777777832,840.2777777777832,840.2777777777832,840.2777777777832,840.2777777777832,840.2777777777832,840.2777777777832,840.2777777777832,840.2777777777832,840.2777777777832,840.2777777777832,840.2777777777832,840.2777777777832,840.2777777777832,840.2777777777832,840.2777777777832,840.2777777777832,840.2777777777832,840.2777777777832,840.2777777777832,840.2777777777832,840.2777777777832,840.2777777777832,840.2777777777832,840.2777777777832,840.2777777777832,840.2777777777832,840.2777777777832,840.2777777777832,840.2777777777832,840.2777777777832,840.2777777777832,840.2777777777832,840.2777777777832,840.2777777777832,840.2777777777832,840.2777777777832,840.2777777777832,840.2777777777832,840.2777777777832,840.2777777777832,840.2777777777832,840.2777777777832,840.2777777777832,840.2777777777832,840.2777777777832,840.2777777777832,840.2777777777832,840.2777777777832,840.2777777777832,840.2777777777832,840.2777777777832,840.2777777777832,840.2777777777832,840.2777777777832,840.2777777777832,840.2777777777832,840.2777777777832,840.2777777777832,840.2777777777832,840.2777777777832,840.2777777777832,840.2777777777832,840.2777777777832,840.2777777777832,840.2777777777832,840.2777777777832,840.2777777777832,840.2777777777832,840.2777777777832,840.2777777777832,840.2777777777832,840.2777777777832,840.2777777777832,840.2777777777832,840.2777777777832,840.2777777777832,840.2777777777832,840.2777777777832,840.2777777777832,840.2777777777832,840.2777777777832,840.2777777777832,840.2777777777832,840.2777777777832,840.2777777777832,840.2777777777832,840.2777777777832,840.2777777777832,840.2777777777832,840.2777777777832,840.2777777777832,840.2777777777832,840.2777777777832,840.2777777777832,840.2777777777832,840.2777777777832,840.2777777777832,840.2777777777832,840.2777777777832,840.2777777777832,840.2777777777832,840.2777777777832,840.2777777777832,840.2777777777832,840.2777777777832,840.2777777777832,840.2777777777832,840.2777777777832,840.2777777777832,840.2777777777832,840.2777777777832,840.2777777777832,840.2777777777832,840.2777777777832,840.2777777777832,840.2777777777832,840.2777777777832,840.2777777777832,840.2777777777832,840.2777777777832,840.2777777777832,840.2777777777832,840.2777777777832,840.2777777777832,840.2777777777832,840.2777777777832,840.2777777777832,840.2777777777832,840.2777777777832,840.2777777777832,840.2777777777832,840.2777777777832,840.2777777777832,840.2777777777832,840.2777777777832,840.2777777777832,840.2777777777832,840.2777777777832,840.2777777777832,840.2777777777832,840.2777777777832,840.2777777777832,840.2777777777832,840.2777777777832,840.2777777777832,840.2777777777832,840.2777777777832,840.2777777777832,840.2777777777832,840.2777777777832,840.2777777777832,840.2777777777832,840.2777777777832,840.2777777777832,840.2777777777832,840.2777777777832,840.2777777777832,840.2777777777832,840.2777777777832,840.2777777777832,840.2777777777832,840.2777777777832,840.2777777777832,840.2777777777832,840.2777777777832,840.2777777777832,840.2777777777832,840.2777777777832,840.2777777777832,840.2777777777832,840.2777777777832,840.2777777777832,840.2777777777832,840.2777777777832,840.2777777777832,840.2777777777832,840.2777777777832,840.2777777777832,840.2777777777832,840.2777777777832,840.2777777777832,840.2777777777832,840.2777777777832,840.2777777777832,840.2777777777832,840.2777777777832,840.2777777777832,840.2777777777832,840.2777777777832,840.2777777777832,840.2777777777832,840.2777777777832,840.2777777777832,840.2777777777832,840.2777777777832,840.2777777777832,840.2777777777832,840.2777777777832,840.2777777777832,840.2777777777832,840.2777777777832,840.2777777777832,840.2777777777832,840.2777777777832,840.2777777777832,840.2777777777832,840.2777777777832,840.2777777777832,840.2777777777832,840.2777777777832,840.2777777777832,840.2777777777832,840.2777777777832,840.2777777777832,840.2777777777832,840.2777777777832,840.2777777777832,840.2777777777832,840.2777777777832,840.2777777777832,840.2777777777832,840.2777777777832,840.2777777777832,840.2777777777832,840.2777777777832,840.2777777777832,840.2777777777832,840.2777777777832,840.2777777777832,840.2777777777832,840.2777777777832,840.2777777777832,840.2777777777832,840.2777777777832,840.2777777777832,840.2777777777832,840.2777777777832,840.2777777777832,840.2777777777832,840.2777777777832,840.2777777777832,840.2777777777832,840.2777777777832,840.2777777777832,840.2777777777832,840.2777777777832,840.2777777777832,840.2777777777832,840.2777777777832,840.2777777777832,840.2777777777832,840.2777777777832,840.2777777777832,840.2777777777832,840.2777777777832,840.2777777777832,840.2777777777832,840.2777777777832,840.2777777777832,840.2777777777832,840.2777777777832,840.2777777777832,840.2777777777832,840.2777777777832,840.2777777777832,840.2777777777832,840.2777777777832,840.2777777777832,840.2777777777832,840.2777777777832,840.2777777777832,840.2777777777832,840.2777777777832,840.2777777777832,840.2777777777832,840.2777777777832,840.2777777777832,840.2777777777832,840.2777777777832,840.2777777777832,840.2777777777832,840.2777777777832,840.2777777777832,840.2777777777832,840.2777777777832,840.2777777777832,840.2777777777832,840.2777777777832,840.2777777777832,840.2777777777832,840.2777777777832,840.2777777777832,840.2777777777832,840.2777777777832,840.2777777777832,840.2777777777832,840.2777777777832,840.2777777777832,840.2777777777832,840.2777777777832,840.2777777777832,840.2777777777832,840.2777777777832,840.2777777777832,840.2777777777832,840.2777777777832,840.2777777777832,840.2777777777832,840.2777777777832,840.2777777777832,840.2777777777832,840.2777777777832,840.2777777777832,840.2777777777832,840.2777777777832,840.2777777777832,840.2777777777832,840.2777777777832,840.2777777777832,840.2777777777832,840.2777777777832,840.2777777777832,840.2777777777832,840.2777777777832,840.2777777777832,840.2777777777832,840.2777777777832,840.2777777777832,840.2777777777832,840.2777777777832,840.2777777777832,840.2777777777832,840.2777777777832,840.2777777777832,840.2777777777832,840.2777777777832,840.2777777777832,840.2777777777832,840.2777777777832,840.2777777777832,840.2777777777832,840.2777777777832,840.2777777777832,840.2777777777832,840.2777777777832,840.2777777777832,840.2777777777832,840.2777777777832,840.2777777777832,840.2777777777832,840.2777777777832,840.2777777777832,840.2777777777832,840.2777777777832,840.2777777777832,840.2777777777832,840.2777777777832,840.2777777777832,840.2777777777832,840.2777777777832,840.2777777777832,840.2777777777832,840.2777777777832,840.2777777777832,840.2777777777832,840.2777777777832,840.2777777777832,840.2777777777832,840.2777777777832,840.2777777777832,840.2777777777832,840.2777777777832,840.2777777777832,840.2777777777832,840.2777777777832,840.2777777777832,840.2777777777832,840.2777777777832,840.2777777777832,840.2777777777832,840.2777777777832,840.2777777777832,840.2777777777832,840.2777777777832,840.2777777777832,840.2777777777832,840.2777777777832,840.2777777777832,840.2777777777832,840.2777777777832,840.2777777777832,840.2777777777832,840.2777777777832,840.2777777777832,840.2777777777832,840.2777777777832,840.2777777777832,840.2777777777832,840.2777777777832,840.2777777777832,840.2777777777832,840.2777777777832,840.2777777777832,840.2777777777832,840.2777777777832,840.2777777777832,840.2777777777832,840.2777777777832,840.2777777777832,840.2777777777832,840.2777777777832,840.2777777777832,840.2777777777832,840.2777777777832,840.2777777777832,840.2777777777832,840.2777777777832,840.2777777777832,840.2777777777832,840.2777777777832,840.2777777777832,840.2777777777832,840.2777777777832,840.2777777777832,840.2777777777832,840.2777777777832,840.2777777777832,840.2777777777832,840.2777777777832,840.2777777777832,840.2777777777832,840.2777777777832,840.2777777777832,840.2777777777832,840.2777777777832,840.2777777777832,840.2777777777832,840.2777777777832,840.2777777777832,840.2777777777832,840.2777777777832,840.2777777777832,840.2777777777832,840.2777777777832,840.2777777777832,840.2777777777832,840.2777777777832,840.2777777777832,840.2777777777832,840.2777777777832,840.2777777777832,840.2777777777832,840.2777777777832,840.2777777777832,840.2777777777832,840.2777777777832,840.2777777777832,840.2777777777832,840.2777777777832,840.2777777777832,840.2777777777832,840.2777777777832,840.2777777777832,840.2777777777832,840.2777777777832,840.2777777777832,840.2777777777832,840.2777777777832,840.2777777777832,840.2777777777832,840.2777777777832,840.2777777777832,840.2777777777832,840.2777777777832,840.2777777777832,840.2777777777832,840.2777777777832,840.2777777777832,840.2777777777832,840.2777777777832,840.2777777777832,840.2777777777832,840.2777777777832,840.2777777777832,840.2777777777832,840.2777777777832,840.2777777777832,840.2777777777832,840.2777777777832,840.2777777777832,840.2777777777832,840.2777777777832,840.2777777777832,840.2777777777832,840.2777777777832,840.2777777777832,840.2777777777832,840.2777777777832,840.2777777777832,840.2777777777832,840.2777777777832,840.2777777777832,840.2777777777832,840.2777777777832,840.2777777777832,840.2777777777832,840.2777777777832,840.2777777777832,840.2777777777832,840.2777777777832,840.2777777777832,840.2777777777832,840.2777777777832,840.2777777777832,840.2777777777832,840.2777777777832,840.2777777777832,840.2777777777832,840.2777777777832,840.2777777777832,840.2777777777832,840.2777777777832,840.2777777777832,840.2777777777832,840.2777777777832,840.2777777777832,840.2777777777832,840.2777777777832,840.2777777777832,840.2777777777832,840.2777777777832,840.2777777777832,840.2777777777832,840.2777777777832,840.2777777777832,840.2777777777832,840.2777777777832,840.2777777777832,840.2777777777832,840.2777777777832,840.2777777777832,840.2777777777832,840.2777777777832,840.2777777777832,840.2777777777832,840.2777777777832,840.2777777777832,840.2777777777832,840.2777777777832,840.2777777777832,840.2777777777832,840.2777777777832,840.2777777777832,840.2777777777832,840.2777777777832,840.2777777777832,840.2777777777832,840.2777777777832,840.2777777777832,840.2777777777832,840.2777777777832,840.2777777777832,840.2777777777832,840.2777777777832,840.2777777777832,840.2777777777832,840.2777777777832,840.2777777777832,840.2777777777832,840.2777777777832,840.2777777777832,840.2777777777832,840.2777777777832,840.2777777777832,840.2777777777832,840.2777777777832,840.2777777777832,840.2777777777832,840.2777777777832,840.2777777777832,840.2777777777832,840.2777777777832,840.2777777777832,840.2777777777832,840.2777777777832,840.2777777777832,840.2777777777832,840.2777777777832,840.2777777777832,840.2777777777832,840.2777777777832,840.2777777777832,840.2777777777832,840.2777777777832,840.2777777777832,840.2777777777832,840.2777777777832,840.2777777777832,840.2777777777832,840.2777777777832,840.2777777777832,840.2777777777832,840.2777777777832,840.2777777777832,840.2777777777832,840.2777777777832,840.2777777777832,840.2777777777832,840.2777777777832,840.2777777777832,840.2777777777832,840.2777777777832,840.2777777777832,840.2777777777832,840.2777777777832,840.2777777777832,840.2777777777832,840.2777777777832,840.2777777777832,840.2777777777832,840.2777777777832,840.2777777777832,840.2777777777832,840.2777777777832,840.2777777777832,840.2777777777832,840.2777777777832,840.2777777777832,840.2777777777832,840.2777777777832,840.2777777777832,840.2777777777832,840.2777777777832,840.2777777777832,840.2777777777832,840.2777777777832,840.2777777777832,840.2777777777832,840.2777777777832,840.2777777777832,840.2777777777832,840.2777777777832,840.2777777777832,840.2777777777832,840.2777777777832,840.2777777777832,840.2777777777832,840.2777777777832,840.2777777777832,840.2777777777832,840.2777777777832,840.2777777777832,840.2777777777832,840.2777777777832,840.2777777777832,840.2777777777832,840.2777777777832,840.2777777777832,840.2777777777832,840.2777777777832,840.2777777777832,840.2777777777832,840.2777777777832,840.2777777777832,840.2777777777832,840.2777777777832,840.2777777777832,840.2777777777832,840.2777777777832,840.2777777777832,840.2777777777832,840.2777777777832,840.2777777777832,840.2777777777832,840.2777777777832,840.2777777777832,840.2777777777832,840.2777777777832,840.2777777777832,840.2777777777832,840.2777777777832,840.2777777777832,840.2777777777832,840.2777777777832,840.2777777777832,840.2777777777832,840.2777777777832,840.2777777777832,840.2777777777832,840.2777777777832,840.2777777777832,840.2777777777832,840.2777777777832,840.2777777777832,840.2777777777832,840.2777777777832,840.2777777777832,840.2777777777832,840.2777777777832,840.2777777777832,840.2777777777832,840.2777777777832,840.2777777777832,840.2777777777832,840.2777777777832,840.2777777777832,840.2777777777832,840.2777777777832,840.2777777777832,840.2777777777832,840.2777777777832,840.2777777777832,840.2777777777832,840.2777777777832,840.2777777777832,840.2777777777832,840.2777777777832,840.2777777777832,840.2777777777832,840.2777777777832,840.2777777777832,840.2777777777832,840.2777777777832,840.2777777777832,840.2777777777832,840.2777777777832,840.2777777777832,840.2777777777832,840.2777777777832,840.2777777777832,840.2777777777832,840.2777777777832,840.2777777777832,840.2777777777832,840.2777777777832,840.2777777777832,840.2777777777832,840.2777777777832,840.2777777777832,840.2777777777832,840.2777777777832,840.2777777777832,840.2777777777832,840.2777777777832,840.2777777777832,840.2777777777832,840.2777777777832,840.2777777777832,840.2777777777832,840.2777777777832,840.2777777777832,840.2777777777832,840.2777777777832,840.2777777777832,840.2777777777832,840.2777777777832,840.2777777777832,840.2777777777832,840.2777777777832,840.2777777777832,840.2777777777832,840.2777777777832,840.2777777777832,840.2777777777832,840.2777777777832,840.2777777777832,840.2777777777832,840.2777777777832,840.2777777777832,840.2777777777832,840.2777777777832,840.2777777777832,840.2777777777832,840.2777777777832,840.2777777777832,840.2777777777832,840.2777777777832,840.2777777777832,840.2777777777832,840.2777777777832,840.2777777777832,840.2777777777832,840.2777777777832,840.2777777777832,840.2777777777832,840.2777777777832,840.2777777777832,840.2777777777832,840.2777777777832,840.2777777777832,840.2777777777832,840.2777777777832,840.2777777777832,840.2777777777832,840.2777777777832,840.2777777777832,840.2777777777832,840.2777777777832,840.2777777777832,840.2777777777832,840.2777777777832,840.2777777777832,840.2777777777832,840.2777777777832,840.2777777777832,840.2777777777832,840.2777777777832,840.2777777777832,840.2777777777832,840.2777777777832,840.2777777777832,840.2777777777832,840.2777777777832,840.2777777777832,840.2777777777832,840.2777777777832,840.2777777777832,840.2777777777832,840.2777777777832,840.2777777777832,840.2777777777832,840.2777777777832,840.2777777777832,840.2777777777832,840.2777777777832,840.2777777777832,840.2777777777832,840.2777777777832,840.2777777777832,840.2777777777832,840.2777777777832,840.2777777777832,840.2777777777832,840.2777777777832,840.2777777777832,840.2777777777832,840.2777777777832,840.2777777777832,840.2777777777832,840.2777777777832,840.2777777777832,840.2777777777832,840.2777777777832,840.2777777777832,840.2777777777832,840.2777777777832,840.2777777777832,840.2777777777832,840.2777777777832,840.2777777777832,840.2777777777832,840.2777777777832,840.2777777777832,840.2777777777832,840.2777777777832,840.2777777777832,840.2777777777832,840.2777777777832,840.2777777777832,840.2777777777832,840.2777777777832,840.2777777777832,840.2777777777832,840.2777777777832,840.2777777777832,840.2777777777832,840.2777777777832,840.2777777777832,840.2777777777832,840.2777777777832,840.2777777777832,840.2777777777832,840.2777777777832,840.2777777777832,840.2777777777832,840.2777777777832,840.2777777777832,840.2777777777832,840.2777777777832,840.2777777777832,840.2777777777832,840.2777777777832,840.2777777777832,840.2777777777832,840.2777777777832,840.2777777777832,840.2777777777832,840.2777777777832,840.2777777777832,840.2777777777832,840.2777777777832,840.2777777777832,840.2777777777832,840.2777777777832,840.2777777777832,840.2777777777832,840.2777777777832,840.2777777777832,840.2777777777832,840.2777777777832,840.2777777777832,840.2777777777832,840.2777777777832,840.2777777777832,840.2777777777832,840.2777777777832,840.2777777777832,840.2777777777832,840.2777777777832,840.2777777777832,840.2777777777832,840.2777777777832,840.2777777777832,840.2777777777832,840.2777777777832,840.2777777777832,840.2777777777832,840.2777777777832,840.2777777777832,840.2777777777832,840.2777777777832,840.2777777777832,840.2777777777832,840.2777777777832,840.2777777777832,840.2777777777832,840.2777777777832,840.2777777777832,840.2777777777832,840.2777777777832,840.2777777777832,840.2777777777832,840.2777777777832,840.2777777777832,840.2777777777832,840.2777777777832,840.2777777777832,840.2777777777832,840.2777777777832,840.2777777777832,840.2777777777832,840.2777777777832,840.2777777777832,840.2777777777832,840.2777777777832,840.2777777777832,840.2777777777832,840.2777777777832,840.2777777777832,840.2777777777832,840.2777777777832,840.2777777777832,840.2777777777832,840.2777777777832,840.2777777777832,840.2777777777832,840.2777777777832,840.2777777777832,840.2777777777832,840.2777777777832,840.2777777777832,840.2777777777832,840.2777777777832,840.2777777777832,840.2777777777832,840.2777777777832,840.2777777777832,840.2777777777832,840.2777777777832,840.2777777777832,840.2777777777832,840.2777777777832,840.2777777777832,840.2777777777832,840.2777777777832,840.2777777777832,840.2777777777832,840.2777777777832,840.2777777777832,840.2777777777832,840.2777777777832,840.2777777777832,840.2777777777832,840.2777777777832,840.2777777777832,840.2777777777832,840.2777777777832,840.2777777777832,840.2777777777832,840.2777777777832,840.2777777777832,840.2777777777832,840.2777777777832,840.2777777777832,840.2777777777832,840.2777777777832,840.2777777777832,840.2777777777832,840.2777777777832,840.2777777777832,840.2777777777832,840.2777777777832,840.2777777777832,840.2777777777832,840.2777777777832,840.2777777777832,840.2777777777832,840.2777777777832,840.2777777777832,840.2777777777832,840.2777777777832,840.2777777777832,840.2777777777832,840.2777777777832,840.2777777777832,840.2777777777832,840.2777777777832,840.2777777777832,840.2777777777832,840.2777777777832,840.2777777777832,840.2777777777832,840.2777777777832,840.2777777777832,840.2777777777832,840.2777777777832,840.2777777777832,840.2777777777832,840.2777777777832,840.2777777777832,840.2777777777832,840.2777777777832,840.2777777777832,840.2777777777832,840.2777777777832,840.2777777777832,840.2777777777832,840.2777777777832,840.2777777777832,840.2777777777832,840.2777777777832,840.2777777777832,840.2777777777832,840.2777777777832,840.2777777777832,840.2777777777832,840.2777777777832,840.2777777777832,840.2777777777832,840.2777777777832,840.2777777777832,840.2777777777832,840.2777777777832,840.2777777777832,840.2777777777832,840.2777777777832,840.2777777777832,840.2777777777832,840.2777777777832,840.2777777777832,840.2777777777832,840.2777777777832,840.2777777777832,840.2777777777832,840.2777777777832,840.2777777777832,840.2777777777832,840.2777777777832,840.2777777777832,840.2777777777832,840.2777777777832,840.2777777777832,840.2777777777832,840.2777777777832,840.2777777777832,840.2777777777832,840.2777777777832,840.2777777777832,840.2777777777832,840.2777777777832,840.2777777777832,840.2777777777832,840.2777777777832,840.2777777777832,840.2777777777832,840.2777777777832,840.2777777777832,840.2777777777832,840.2777777777832,840.2777777777832,840.2777777777832,840.2777777777832,840.2777777777832,840.2777777777832,840.2777777777832,840.2777777777832,840.2777777777832,840.2777777777832,840.2777777777832,840.2777777777832,840.2777777777832,840.2777777777832,840.2777777777832,840.2777777777832,840.2777777777832,840.2777777777832,840.2777777777832,840.2777777777832,840.2777777777832,840.2777777777832,840.2777777777832,840.2777777777832,840.2777777777832,840.2777777777832,840.2777777777832,840.2777777777832,840.2777777777832,840.2777777777832,840.2777777777832,840.2777777777832,840.2777777777832,840.2777777777832,840.2777777777832,840.2777777777832,840.2777777777832,840.2777777777832,840.2777777777832,840.2777777777832,840.2777777777832,840.2777777777832,840.2777777777832,840.2777777777832,840.2777777777832,840.2777777777832,840.2777777777832,840.2777777777832,840.2777777777832,840.2777777777832,840.2777777777832,840.2777777777832,840.2777777777832,840.2777777777832,840.2777777777832,840.2777777777832,840.2777777777832,840.2777777777832,840.2777777777832,840.2777777777832,840.2777777777832,840.2777777777832,840.2777777777832,840.2777777777832,840.2777777777832,840.2777777777832,840.2777777777832,840.2777777777832,840.2777777777832,840.2777777777832,840.2777777777832,840.2777777777832,840.2777777777832,840.2777777777832,840.2777777777832,840.2777777777832,840.2777777777832,840.2777777777832,840.2777777777832,840.2777777777832,840.2777777777832,840.2777777777832,840.2777777777832,840.2777777777832,840.2777777777832,840.2777777777832,840.2777777777832,840.2777777777832,840.2777777777832,840.2777777777832,840.2777777777832,840.2777777777832,840.2777777777832,840.2777777777832,840.2777777777832,840.2777777777832,840.2777777777832,840.2777777777832,840.2777777777832,840.2777777777832,840.2777777777832,840.2777777777832,840.2777777777832,840.2777777777832,840.2777777777832,840.2777777777832,840.2777777777832,840.2777777777832,840.2777777777832,840.2777777777832,840.2777777777832,840.2777777777832,840.2777777777832,840.2777777777832,840.2777777777832,840.2777777777832,840.2777777777832,840.2777777777832,840.2777777777832,840.2777777777832,840.2777777777832,840.2777777777832,840.2777777777832,840.2777777777832,840.2777777777832,840.2777777777832,840.2777777777832,840.2777777777832,840.2777777777832,840.2777777777832,840.2777777777832,840.2777777777832,840.2777777777832,840.2777777777832,840.2777777777832,840.2777777777832,840.2777777777832,840.2777777777832,840.2777777777832,840.2777777777832,840.2777777777832,840.2777777777832,840.2777777777832,840.2777777777832,840.2777777777832,840.2777777777832,840.2777777777832,840.2777777777832,840.2777777777832,840.2777777777832,840.2777777777832,840.2777777777832,840.2777777777832,840.2777777777832
scores,568.2848894544512,536.0206284962841,434.2214365571973,455.7963266642896,514.6186676023395,486.5451973116344,501.23562719064046,542.4369064695895,455.1256298391075,513.7147047061452,512.5082700296706,534.0037730900829,461.3191075681727,647.3196134172666,585.3321193813958,503.5401680455651,522.8446087702603,535.419450912682,511.85615552410803,571.2727768989071,458.88173356649025,485.6287199686006,520.6929619959574,558.6015915676627,567.3417507439835,576.6355664148308,516.1607939435673,503.92477554414256,441.30098351390563,535.0942923465593,472.778957234026,537.2119896468347,605.4473784461986,515.2441426227259,603.5411746640942,517.5653077281628,562.9505662109709,460.43584973134875,500.76723970365776,586.256857823401,484.33113673017,505.8146573565049,541.9554991763997,550.4319121273857,525.8250131423338,533.015880091622,603.7006322369474,536.1273732360958,550.2833167991824,508.51901195677226,534.7427981518454,471.59830309981413,453.1580706334222,536.5107870253347,466.7936077560384,477.9250623903121,473.7890140899358,402.80093601292225,435.8111981942958,532.96700974014,527.5381167871332,526.5141466511382,561.7512427370651,528.3400353840099,602.3277441341743,448.3263344352858,543.3163249350051,525.4282299632146,437.6225895755865,517.1158655082223,458.3507758234384,516.1015255427602,585.8622337373708,458.6356298220427,505.2906501295239,506.6210457748213,459.6319529239432,531.8069895245688,460.96804814249276,512.863678586642,532.0422725477173,511.32603400083394,474.8509903502299,479.4963449666502,473.57884068376177,519.1442627686746,571.0804939655011,489.1277357075474,488.9851623266173,438.99104736267816,456.8062652577877,573.9388515024202,447.05679310698224,498.78333246396954,550.8576168080854,450.6619544732742,540.987246674953,482.28752118094167,540.0251403681467,501.5871382855131,499.54977242791995,413.6478634246446,428.72060657279087,381.72045547818664,515.7946398145355,569.1612940798742,424.24029740995826,514.9360531909224,567.5690913154622,497.99076059077873,441.39132827499617,490.69751339369833,470.3349320732259,526.488068683928,495.1049026446414,445.35855897853827,541.7530792155236,470.4480884986338,466.0905248934913,473.2622122400474,463.9406697509027,456.3150532992822,473.3070051055117,415.0565083203232,488.0065819703165,434.69174480792975,421.2583946481331,485.9163220851301,442.65577236274294,479.0963449927112,429.501721211195,395.0743640514706,439.4158729758076,414.6152035767635,469.5553903564146,381.8926313379319,460.1964541191294,381.1295827154082,409.77753928673195,413.71861564978013,393.00061095526195,370.31653279795734,437.9425481560414,427.08033217224994,391.3815352000276,441.9811485731454,395.13757762647793,424.0603059193494,443.5187203894621,414.155701107244,480.1969181793353,388.0213838753482,373.57392642494585,436.9178130111616,365.6269971117382,518.7334676876541,458.51719791067865,466.49451120518825,401.2989892069179,375.3923515955276,432.40690329505054,450.44834509712155,395.76493946719177,406.29074648048476,417.9847502061847,370.94423928122615,367.03176714370903,342.9448441418069,349.53287567540923,403.741521542329,357.912811647114,379.7452821052908,378.9077533351092,351.53278858222467,369.2504455390615,372.85267130302265,408.4381980951467,334.3408703086256,365.68241196240075,386.4676485180004,312.4025023577724,363.60523351675965,319.64236992040634,349.27431371944505,355.9039925095668,331.6849719646107,332.5118689712776,350.25658916563646,328.90803201541144,361.61526788013805,325.23686264891086,355.9364165723485,326.5809196584506,331.21135213345923,308.370821363257,342.9186230063179,328.92513091815175,314.0423652620852,326.79007940988674,299.9419651280567,309.24008325874536,310.0549636547576,326.1757556896292,343.2318183303752,330.37894263935846,321.95721325084725,341.5648959917375,325.310887890054,321.73131550234785,334.0361018547955,310.1130030345888,320.25176191334737,340.5361762778474,344.77564307979634,311.4945147480057,340.6541560168898,317.6529156150292,352.649474496459,365.95485974415885,361.0952620379823,362.947911922427,354.54889975268634,355.43690180675253,368.9839118300377,356.61339664022177,342.9725685164451,362.60732491935624,356.3904782094881,368.3703528578928,384.9003912871703,360.35038461004007,358.8145460919162,392.7085096817218,370.56579905052405,383.4403435097135,383.4664464676082,374.04069010802425,378.8063236599914,365.1669461144726,374.82684970772834,371.26974042822917,390.35147819594346,391.29721381569215,383.8004859168353,378.6030308806526,400.91253536968736,398.45957080791715,403.37693994696104,402.99456655822956,389.27723500425003,403.674330379123,419.7186342435442,400.44712001590824,407.6865244425729,402.7533504389043,407.2595198916821,425.0072321890535,402.9469775205538,421.29110195408913,400.1812874501008,420.1491938885143,413.4454615527583,422.1554004801502,424.7521797888918,416.6819244724356,417.7079916247403,417.09424973649885,411.41290235329006,402.27215039815735,418.4982294995702,414.0657299079411,406.4823988115844,424.94754798940477,415.0018874557021,418.4325940260457,413.12399281821314,408.32313356738246,417.9618380722328,430.6246235799608,405.76633152463273,412.148195059374,418.2483252499984,402.82144162900784,416.28957172418677,419.38655958237206,415.00754158052644,418.65096303612216,426.36073733464065,417.99339773151866,429.4447054166698,422.6929148831875,413.6303805580173,415.0875563408123,406.2535498927837,407.56335688518243,419.66114478146704,410.88344035975194,409.125975402219,423.9190770390671,409.62710508237177,398.62604809824825,423.8884822028239,444.69314355522806,414.02927295965947,417.32310767065064,406.5732189250834,413.56362137543493,401.1265561389098,421.2190873373797,416.0825389040302,420.1953384246665,403.9307130547306,419.23279900636055,423.33609523685004,425.7503728355059,420.81960152255186,408.54909841452184,416.0326347617165,431.344137814062,408.89471644805917,420.4323780706595,424.90575418827683,408.71228404056984,421.47491031981946,417.42136497905085,406.8247155555979,421.00571009880343,405.44596044958644,424.8001587942151,404.95922141326247,422.529829718494,421.23897540343387,423.7527081061841,418.43719967323614,416.6254556594807,412.3792671945653,413.49742756935973,417.6301023144657,414.8522322045041,413.6546369833097,420.23809076284476,409.5372203323365,409.58648663217,423.7769186819283,409.86200540960886,413.8786439835295,419.70482902919156,428.52478713710457,414.6774915520451,420.5910385750396,425.788259020915,416.2587131402386,419.64295939842543,417.68908632418726,428.5093147553364,414.5799050478116,416.5672670302442,413.8497648418252,420.2808055696417,423.77319152445466,423.9198649071782,398.79553641689495,413.05410130722765,419.0043787675455,413.90429766733973,407.89757760301495,426.5643639985525,412.75801144601706,420.83652215246326,412.7555316583409,418.99614755949904,415.12611396571606,414.33243948891027,415.8313778168634,418.25748416339974,410.09073858307903,421.50625562107297,429.6238804063593,423.5376070173471,415.9238698835104,420.46280418714457,416.5419962963482,422.10612160822444,409.0595111098668,414.38830161499465,410.0780116970275,410.39265901968105,416.64063170065907,421.167565558271,419.68126240367593,417.5758001663311,408.34741342105804,420.68072651730995,407.26047805525553,415.19325370782343,432.17291718503515,423.93600889327996,418.1984774562652,420.4628030231051,405.159059863127,405.586932839836,411.2562608167042,419.8410309935527,407.82293004886293,406.5126525510741,426.6402681659851,418.47389373978115,415.5553000809677,404.94225998134215,421.50432240410925,413.3220578634744,417.3485071452148,425.0464658134297,416.2629723923332,411.1855769167079,409.7700551714481,420.8073265137652,417.69714409988944,411.6052702055869,407.9797024952581,419.23179712147703,431.96038129348653,418.862195215942,427.4243265617457,420.03463720640804,418.31240901944466,415.0857712582004,421.13041416117926,405.38257064281,427.3098061402129,410.4420583000477,420.66046195529816,421.47507244647244,450.4785840887537,420.9752159173062,409.9745869282713,426.0566332425342,398.86347697892506,414.4717105405799,413.7381592642341,413.7879993939818,422.75675086308524,410.4867330939563,419.04004905532923,428.87679575393304,427.73387408785374,410.4927429190389,410.3635973700726,424.1177393250382,421.9694106474445,417.88617193627925,415.4160425702666,419.74249486403465,433.5570032832161,415.582851414057,420.8309646132402,423.7906974473926,407.6777334919287,400.5317138775775,418.69756301419596,413.6797285632672,403.805172447285,422.0693267783175,413.4980144102982,411.2738523549153,422.31670416775785,435.0159337369835,415.57885626494823,416.3330815364981,415.2951520491558,425.4090256360854,415.8806408153608,427.3782282737382,422.76268028104914,430.97620386574266,407.07455411689983,414.44415069673425,405.85157825376484,418.52616316245013,419.7260357628527,413.153065249301,425.6752274860251,412.5787549341325,416.0362139468455,410.55467366348796,405.35612213207287,432.4388581520657,415.67159513036603,417.98883139941165,425.54215155904706,425.49372883265335,432.3762995565019,409.20377716960326,416.84149472339175,393.75115579154857,423.63875785204544,421.9192183501624,421.8565042536724,420.47067802122046,425.81364587374827,406.1142871837878,421.83407692150536,419.77648884397274,411.17738632315115,404.22832714496724,420.24951106468217,412.67998210360923,419.6203189594857,409.5819410186036,408.4268442035919,410.7943227418812,424.68563565270074,416.8186347719601,426.55683055068675,414.0962632886099,418.6779867539518,419.679769986663,417.6537718313348,409.8932326672889,417.9805405973871,409.55917337624044,412.8203887647404,425.89471547577654,418.07159079929784,416.71988856165825,407.6400112216412,410.09636344438763,431.87040234665045,408.4869898747978,417.02339649748683,415.51313153609425,408.61791461407154,408.56838653086874,404.58578063589897,421.3787235291193,422.0867812960364,407.9118412888423,423.7673287900306,426.4853914452546,413.53047419924667,403.2124250329104,420.20560984245844,411.8263463527571,414.0885345496726,417.16557562370497,425.98800418292006,424.20001214454896,416.7646872123727,401.0236221280612,411.28620427792987,426.4859284455522,413.9094968065632,410.2077309063052,427.3059432236396,418.30448452413634,413.51722690342444,411.27688181249664,413.3770769813438,415.2312570980151,410.8735984140939,423.6080003007206,408.8193259984477,398.56549224194936,417.1571504555278,395.35989751872773,415.5936427027083,414.07419022066455,421.68460152942475,423.4716009202155,419.6456079815082,404.14718766981963,412.92727634336717,420.15714182035214,411.98321777580236,413.75807030489193,410.04595468989135,405.03680812620934,424.7049069681362,415.34055447420087,396.4140767778091,409.71801639256967,412.9834823506729,438.67983987550076,413.70010923587205,407.6095098895404,411.96136423174346,420.3359387822691,405.7085803465383,410.0637241856083,421.50518908914586,415.69336197760765,409.1737481138805,414.6342552544741,424.13697455473056,415.0809447495491,415.0458022516169,413.5349207969246,412.941811576412,421.0577036149735,421.3549199864785,423.75726248568134,419.2984517818017,432.6119500129105,414.6657756526646,434.3008613950359,403.5953811585195,425.12970732952317,420.91678550525955,425.8277291722561,410.30038542703556,406.91221793686304,408.5804531916958,419.8074717868633,403.96067514393917,407.7994916329545,410.158208335965,417.4125242767749,410.25038974016354,431.0362362116681,412.7485723382066,404.82577079247847,416.8256298763213,417.05505580461966,408.447962573264,410.2153896401127,406.87380467378944,431.2732779063195,411.32384466330245,422.7651344251377,429.13942317875393,427.04861102349673,409.63372667024817,413.8623836717453,418.84429193822285,418.16728719057306,425.760466144485,424.92014508044997,417.38178836689093,415.4877940383132,414.0858201415939,432.60896780989884,415.98464006768984,416.2576699543262,413.0417545129295,424.2429031467312,410.39427207742585,424.8027501763283,417.9068864817562,417.53993242541475,413.12192872280923,408.1495321005193,413.7898252776671,431.9747991007303,410.16140474984024,410.03597522835435,421.30391360876706,421.2304777091,431.8237384788672,400.91407468886445,403.012886379959,414.99642450543433,416.8689804986971,411.8760671392455,420.44303036264193,409.5921097448974,415.9259328418509,404.4996857483599,416.83639119938096,419.14136456803806,439.09718364817167,415.07084829901356,430.80834270146335,417.67965809590646,412.43688764055906,406.2063119694189,413.8506723035115,408.6479394920615,403.94160011483973,411.78408663299734,413.5141251288824,407.93895955929224,416.30590047586645,419.3355628826325,420.6588081876889,414.63240738409496,425.9504929045643,418.7091010861009,421.7683423940185,420.6210150568328,412.8079197545902,413.48904498337896,410.50537417981883,409.5699905618035,408.32499918394166,418.47917945790954,423.8325632412856,420.24288092919704,408.642774960329,422.76124701550646,402.15274790921757,426.35315128913294,414.16660761993114,414.51548153713554,408.36411639123094,430.81235088365753,420.1744139455972,403.1939631047913,419.9840038314797,420.6147124101827,423.6417098104179,416.6347536831515,408.99498120497645,417.5765153351258,436.14400058008096,428.8053751824814,409.38392001072003,408.0542034883944,430.64621548276824,415.97893866783687,410.4254848742784,412.0097566850788,412.2223526828475,402.76885017123436,413.48143721392245,418.86429472028453,419.89967677041255,421.29262111577196,418.19490213053905,414.6805754958779,404.59018614875305,424.7767153794358,406.30549373787204,425.7360322301956,419.39952704179115,421.5667241039101,412.93385898331115,411.52093961660694,426.599131265064,417.27715075587093,411.70949324069096,399.2455372218796,397.9814156237165,423.1528717342075,412.23828606201425,415.6684953603531,410.94117616616825,405.36662592605745,423.98803007172927,406.2092076840772,406.85483735229093,406.46106856232916,401.2977962780841,414.9305034269847,415.6754083107441,415.51928531582104,418.9114607385646,411.53693124763674,433.3438784981022,441.04528063803826,423.4277915444616,415.5355890974011,422.10668547626153,409.7589932047299,409.19364100756184,417.55251818799854,417.5621792643045,404.64611752957467,404.75037070415664,413.6408919674394,410.6195328328826,405.71243011182406,409.5493950518394,414.9951315011427,404.4858777085758,423.37887735327575,418.4532831145352,422.1234845081012,410.553066280044,421.840056904779,406.04745653899573,417.0621654666225,403.9609265848528,436.429896029642,416.4960895048707,427.6531734620473,409.8761548440509,412.52931131776353,412.32447633322164,422.56904134590417,404.09900860128056,426.660230270657,417.34735688854465,417.13656393964527,417.66138588068975,415.1262357895255,424.115237820107,417.72402756698546,415.88680295852856,419.338935285345,412.6871612467389,418.09355955257035,412.5774464160377,406.96655065062083,411.17843502586413,422.84804247510226,417.5068487070947,427.3557885431438,410.9047132129556,421.6674774867129,416.32466756415084,411.93783644566764,403.10545510750234,428.2420947413472,407.4623498780852,419.0247240550143,406.946256151594,416.623126618767,413.8988663116168,412.95928441403015,416.47863646510694,406.3014336159246,417.48954965782895,418.1237615700141,407.2053495318125,421.03409495000494,416.98499078221573,408.05709450083106,414.8324408380339,419.37158898682173,412.3469487157551,412.6673805441692,424.0812686708549,407.5370243463673,413.8863786771226,420.54120778268526,415.2659704996551,411.99504592289935,422.9269673599813,409.43892018889636,396.69057389540137,420.5202634547225,419.99199441327346,409.90351529341785,421.7788082067806,414.7148055662116,425.7398661678839,404.10799253565375,416.1493506531528,414.7112880764511,420.10573848554054,423.7411178822438,419.68618193565743,423.2288847615488,413.4087723467032,414.51801978809067,422.6208711944242,413.24518078989416,423.20838725324086,409.19644626909775,416.24791176873293,420.30992647817294,402.3269628598175,423.92758469180325,428.9758570282136,412.79858215121135,418.51205565360357,415.24009229023113,413.3731541313562,407.4042844246803,407.7981772789716,419.59786658135084,409.2759245617044,418.95806523972,425.73513977606706,430.39930199802046,412.9974444728318,420.811315245198,408.7634278513156,425.70550396470196,407.5214728165315,415.8563201213921,430.4994816763867,422.91355639491104,419.28893474551967,428.5793271892688,411.744034890684,418.1710839925384,420.2838140635862,418.6950591335076,409.63000824235985,410.7944900603241,409.8485800931603,420.28391868837906,393.2818749105364,421.4003204402943,423.5006307287382,432.33337458807307,414.3905326984516,424.3971352410955,404.1051324397425,431.5569545614716,415.0856164617009,402.5935495642462,427.34007145553085,418.3402667472361,400.1896983032176,415.4610736886497,434.47255818885725,402.63380914789155,400.96653024235786,425.88034836542465,416.9074503285977,424.7616958301717,412.7903245573771,422.2485722942616,423.64413736048897,405.38184442597856,410.8685636908946,423.6423909241736,422.3722904940478,416.19039594580124,420.8496488886814,416.9633384765973,408.05516510023506,404.55804577574855,419.7844182952269,434.3601298398715,415.62557145554086,411.3823080262704,418.5513918920869,424.57760485703847,416.84233329486665,416.636153197295,426.30131989244796,398.6280499963607,415.12521631475556,422.4580904924158,421.68313455579096,412.7977763120633,409.7423974552857,417.27395033582076,408.5350837899018,424.5168963737049,410.8765234979951,419.9716014213664,418.4348630529637,402.5699966442851,421.7169851238737,424.84264269300326,407.7420904253142,415.60552544100454,400.122231487574,406.43865887745505,424.4801419745124,425.1758375486634,420.8160422550834,418.0676985729992,413.4095195143084,434.938781073666,412.37534468544936,415.47948947036133,421.7020179697176,412.0965588313887,426.0958828374318,427.41592970371056,423.12034977226693,416.66612801870656,412.9703646728651,415.6792089285884,437.22386411589093,412.7086487255723,394.4642549269051,422.0252447729886,410.8198977483219,406.1528295956897,415.2671022328674,407.37783505395873,434.04440061355234,413.70953604317936,403.7746635398221,420.6981210504152,424.44751046526585,405.90392835123055,420.7409456588957,416.00770424232945,425.492952851382,405.6538143269098,423.83087150192534,416.63188462246717,421.20595803295714,422.37826559477935,420.05929682743954,418.02397579831876,431.7253980463778,413.5427238731693,406.4779974870156,416.80798990695337,412.5523765016711,432.3413367401521,414.7625788751086,416.2724073004844,410.74840005153686,410.8618129684172,415.611191758901,399.0500297898502,421.0201560650815,417.39518673274296,419.21002726480845,420.3182968559091,418.9447967914583,421.80087330258914,415.76475502685867,422.2212490763491,427.7599535533048,417.6442582307031,413.5291315701809,430.72971909205677,433.73954368117086,413.11079780503223,411.38780942865753,413.40774510618104,407.58094457244897,422.3167377756503,424.4769658495777,416.8812861741457,414.6446718125849,415.2298852706289,419.9636893674802,427.75421901200724,410.6198521882656,406.13167897429594,415.69786084327524,404.6227165682528,426.32199651682043,400.62678206988807,418.1866837250597,422.4616332709913,415.3388422990436,425.94835720837847,411.67213120213955,409.4694569244666,417.87444210134475,408.9247222983896,414.1095655124734,418.21717161496366,414.6750850292974,410.89456974728586,419.3196548237514,407.775155027423,421.0229444470969,408.1597676655556,419.8610555415079,408.9461312095414,397.76964101538977,413.4962323228771,417.823706932635,417.4860743014472,414.3461469135668,426.00228641303033,409.64178681862774,394.6992295585457,409.84634369692384,415.32832087432723,419.08158032986125,412.3360649626679,424.7416484049718,419.2378226012109,414.9771809617416,407.4171817127801,410.98242631329964,421.18827600777496,419.4733027282853,415.5096950925176,418.4098428775701,396.11119934141584,418.4356300759477,423.9934233032771,423.5299528580777,411.3581384746827,411.60734586373053,424.3651413396692,410.6573818299866,420.73986949894,422.0589733540611,398.64348372423945,416.67866980375885,417.39704947172856,406.3386612733249,409.4585542721287,420.3494791767143,437.5935031311013,414.2836260204979,405.84527771596527,418.73572233589795,407.82569071852805,426.2467845678659,406.4574715916849,404.27453961675644,422.57588400333475,418.9113653147099,423.92552519613287,417.03089780600703,408.0242640498891,404.24882864816055,416.9426405283685,409.61005652158775,409.49196473552996,421.38411141810616,414.58132835917814,424.0866141649826,402.2279813999871,407.91377005469343,430.78802314335854,411.5557630763838,417.0373647516823,417.96901528431033,420.7203953502604,417.77339924671344,413.72323216428,421.51482070836363,414.4815710105864,415.4442639596815,414.40031361361736,408.06910956780297,419.64944321039,406.96035216673346,417.07489015514295,414.2282086521688,411.7260625397018,415.5160917377318,408.5160832366566,416.75350479585217,415.75190230316446,413.66210872613294,419.0392719566062,411.36992566984634,410.1064331816746,406.93807863980226,415.0772730829073,404.4206185284053,430.64892874341274,411.6835975340081,409.2327542359351,420.01682751361403,419.0309977318154,415.2521469311602,431.57899728095873,421.2955210424319,418.20509846570286,418.13511057930236,434.3463125926651,421.83699965294045,407.6822456742427,430.8779199108871,406.13983189146853,415.44125659287556,427.1198837527659,416.75870376037733,419.29658108762084,421.47459877846046,405.53916045805016,411.25063662508245,423.9885648712594,424.74951449255985,414.7953434698662,417.42649406085496,414.22054286049234,425.3996155197231,418.32187726207303,422.3260827424047,424.1235826077324,420.7292845363755,411.84478022064894,431.42439247134973,415.7926777240686,430.6965810851441,421.23400100669306,409.91733802883294,417.47730359800596,417.87284934638336,410.8111025038177,417.4267643477415,430.24509606683273,419.8280347264402,418.08479648229815,418.3615506183026,402.60693208244703,410.6514053186349,437.5798907099188,421.65409232570727,422.79747372881,406.2016523815049,411.4678513443748,417.93248576856746,423.95759169770554,420.00417763614365,411.6966853061144,417.33161933092396,416.9705750969846,406.25532659078215,402.9790511930905,418.3702508161644,421.65070630938254,426.01721016146706,413.3845054139978,415.441333853096,423.8137909800061,403.0143404254151,419.8877446477651,411.51922494043737,419.1036468819553,416.37122114444963,419.36790674310436,416.2841201025759,414.0708208702222,425.91705348815213,421.6341464151031,412.1430916104246,426.08936332045465,412.245181171502,421.36404649849834,423.96529897917736,413.9769351867672,428.4322649553068,423.13613535281337,413.883877594581,414.92493480945143,417.72336325364233,427.18573508255116,411.56848650162067,404.8653616545183,417.7068539518048,413.01012211033157,417.27117431335637,420.4736883280762,413.51615850056527,423.54705700859813,409.277889887271,418.0224776508003,420.0966567709261,423.1315922957658,409.26930305875607,432.4396971766903,415.479377601616,415.59903368698355,420.21241673705975,419.2352043900429,408.34740255287306,419.5627019972647,416.9551562045702,412.2354373876904,413.226028682375,414.71775293977026,428.3173792953213,415.98477671309513,418.25839474259965,415.85023049971346,428.3005368155291,416.85982903615565,420.4052805570776,414.8619983997489,419.28343103534877,424.5691241205947,415.5036619005567,410.5924126061053,415.8725051209931,416.6320722597048,411.0601000438784,402.8524728215893,415.8923849625838,406.4155938327743,406.10050354626486,424.8642572668306,412.69510938824305,408.5209449336513,405.3460712391122,402.0107127185077,423.30125933863565,418.9561465188658,404.7846350886188,411.5621812116122,420.993072832775,401.7762836848857,429.30714938701243,413.52897442660776,413.8263164634117,413.2909487711421,413.92370697238243,412.4568126593703,407.24631902045314,411.9377919546232,425.26227623398154,425.498533080455,420.96570883810796,408.4578590297696,420.2129369552031,417.4825639955741,412.35310146499387,423.8709202805013,414.65018973382405,428.61396090943936,427.65672953298747,420.2382777217125,428.2949223962113,415.1615307859264,416.4633488195009,418.844986926018,412.2159324626114,411.4949704607708,421.17009715775157,422.5103333902284,409.2528966090118,403.02826259322705,421.0017841512047,408.26843962763627,419.4551559312059,404.8260043303127,417.93523879890887,420.54943442526513,394.7521477660762,418.79135244895735,430.30878196172984,405.3338605792248,409.3283410457636,412.682038538399,419.2538024854481,422.43481000854956,412.79220700472314,424.6380270607341,417.6078491778423,408.94652525445565,429.56011778876837,405.43452001714013,421.3549570513889,422.8929177732373,418.44754528306646,426.47619883724235,417.7336122036859,417.7971315773121,415.02503209314096,401.82878870050007,430.59396821050274,419.78328356943234,414.4315086741682,414.14322397835264,426.0776880815361,418.60121348395415,417.85820297514147,427.337643080756,408.05241572950894,421.18380888803904,422.0632992554556,419.6448784671343,412.3461452879766,413.0382213712117,406.18215598547806,403.3861822127359,416.6310668336817,421.94091653964756,422.9823713109755,422.598048942961,421.11921094149227,421.81584737187666,420.26786485766183,411.45832133805044,428.71741508133897,418.4905182032578,413.41561311930167,427.33744497977585,408.2568859786397,422.12601596003714,418.31951675734024,417.30059055030546,417.41311569534946,416.11017256865483,422.05144301495534,416.96274036272297,417.2426529151804,422.3726574199624,429.00575332308426,410.6765554225658,403.26827049679537,415.4116733562487,422.4208465739704,424.7386310910536,426.52601838159336,412.76150692846795,423.44337831438344,405.2360152393267,405.52205536495563,412.33467407364685,424.4132592772982,419.8411372799364,404.98931566187196,419.7353776703611,419.92377795193715,414.1858595473463,411.43661252854713,414.75934238703735,416.9500080566423,415.8667373431934,416.50438071109943,419.92401176991285,408.91607561212516,413.43494408942286,424.44133412627946,418.7968740579285,413.7221318640618,429.3586000872199,414.5273772521766,409.2863276283279,426.7007068570246,411.59703242633356,418.74533988015094,410.0249043702814,419.9871933017709,402.13604189588614,426.648775217313,419.85164460360227,419.9662881626409,407.96870783466534,414.3454134830248,419.4335193433992,433.23282126253224,401.7554196378644,406.3882845647316,411.9192246686216,414.0550580780014,407.72350021293715,410.36061006129785,413.6986981305513,424.77650221916804,414.4295833894031,412.39558884726034,401.9563003741119,429.8768102668501,412.5953574138484,426.994450201202,417.5022267758998,419.4129937814889,412.6556154560274,426.9509171273814,419.463988018703,411.65665093617804,418.02910813592683,411.3490061418724,420.12964984686903,414.36795460044505,413.271044479418,429.9211759107954,434.0474586691867,424.65907926586726,419.89595728349485,411.7738026690913,411.45841209928494,408.01129520770786,415.17166728501616,404.6103096208461,415.78792508935015,416.52028822326946,406.236471757259,412.4356163828611,417.81760102286034,438.85681931587897,398.1936474475136,406.73496458964917,403.05748555094607,408.11202361471067,414.38258856667625,422.02573843644154,427.48208775487257,406.86510208677066,408.3154821954976,412.5512615563335,420.56066483593094,415.7949193277569,420.9598327365592,415.5693259131337,408.04708309447085,409.3052702651923,418.41346578484394,426.0174735080205,423.3021391239892,413.6715322791212,411.97423248061847,425.0647549204528,423.2992974246349,400.19873117526464,414.71101136809153,414.6087246021608,414.0609067255582,414.7594386454003,422.2969820870157,415.5319134693228,405.46096395794603,408.734940732392,410.3974203999282,407.0005779949908,421.2402311499043,413.21911898848003,417.94047752001654,425.59600196211875,418.3600306934143,398.60558148766074,419.3733207125073,414.07482642118964,411.54521714084285,428.36580140976156,424.1252879659499,420.5666536812871,407.5156840958824,411.8374899069481,407.1774516034482,429.1191822978623,411.9939795103646,410.1403335816247,419.61112934281965,413.59208568847873,417.10894600492037,398.8615101111944,418.52623706128185,418.42053548949247,407.62442362892364,412.7859076609478,411.27633283044185,429.23139092058443,425.95076627945247,419.06236996988565,412.4623004839614,419.02674741056256,420.0819963572063,412.8812715968758,416.531204782111,410.1900330941276,429.01404232728754,411.17509752857126,398.2434479332127,414.05418283831773,421.20759742255467,431.40213520530557,415.4010042041386,420.9650779672568,413.8276815007656,413.77353297920615,409.3690762864209,422.7802609409244,420.4492583984402,427.2257896800758,406.6059984413926,423.3248239263745,419.1477319577022,402.973739328185,419.6603852577455,420.21941979826306,404.89887198399725,406.5825468816135,410.4863939651473,412.4434547711283,410.40532547179515,415.8393325707606,415.18228734388515,423.0415772790099,408.0509019739943,410.81650884462385,407.78090205392994,419.69143093311123,411.6229147938054,427.47605695684064,421.64927024015054,416.6381150462347,415.7494980805601,414.90084989543107,414.69634942344004,416.86785418840867,405.5386769516209,417.3460581441905,409.09656025286836,408.45302310995277,412.436351534069,409.6776544487287,412.8001901038579,419.33151698686765,420.3868873122826,414.8982731243158,419.94965984369935,415.8761955386955,420.8975082859553,415.9137019751677,413.2936958978054,422.54377386856015,421.9316574090268,427.43047076587885,427.01619601920777,418.60715929492864,426.2934838780785,408.0941288797515,418.4355340444333,402.13957027963824,411.28776786525947,415.3553279962095,408.7201935782795,410.54884690166887,418.3135456874138,410.36308026117877,433.08661073213324,418.87828431296947,416.27836114474115,417.7785207314878,417.3482592638184,418.08392323173945,400.730771664856,419.5843889609551,421.66678388421764,404.10217666809774,420.3113865934509,430.2790388778444,409.37878413450204,418.41092854477915,431.70109284576426,416.82635943213677,399.1160099304678,420.41737540146346,420.2666137990273,416.91407071474686,428.7809463398422,411.2563602966931,405.83328714113065,404.91154106128363,398.6632357019052,409.5780380394574,413.67563747990675,426.69828298062674,412.6009393947556,416.7709276623991,418.2661302907888,404.7868504356524,425.65073139693527,407.5826819851459,421.137373018544,421.7118747382982,427.0430700075913,423.11757704407484,419.88113703042296,418.7652360379431,418.5070095031673,414.1142294017379,420.79026528592914,415.8356185904715,420.0842108577791,423.5410042851197,400.1608150554142,438.58325105460654,401.61050482890363,418.76194948643007,422.3561793897722,407.5321247181821,414.3107393962678,405.62513275672603,415.67830630724563,415.8940905712573,421.80549009819504,403.31648682362925,410.6496601480884,421.4044620878277,415.138672896309,415.97757102630453,423.0397212532439,415.26838015706727,418.1554820557632,415.5157482302658,413.53089698387606,424.3985570194118,416.08035978290144,416.1973020183711,419.0104508868654,412.30572220989814,424.6869284088247,418.39679697439567,418.00313596864595,410.5595443757322,409.5997925412561,408.4455049128926,420.0958584648284,413.2393894098154,421.7282656332849,428.6960414563994,418.8063879250134,425.56459677693556,421.1694859227184,422.61356442739475,412.25967212261975,414.20939058604677,412.746102947461,420.08678709882315,416.37357608260805,412.510558056959,415.41969413675207,408.2014272142548,418.7564905399202,416.47873505188085,407.3198841222876,419.226686403047,423.6696537157632,420.0211063483698,424.00660891334593,432.6489914110094,420.35586383098246,411.44332955182995,416.72658711758004,412.82175694191477,394.87409425013703,409.124272131866,421.6098232327814,407.8810705545043,414.70205166701527,424.2795541150147,399.4590847726395,409.18106065806046,408.4591340218262,406.922556150541,407.52814190488425,413.84743015665333,413.101479417344,413.6708365916243,408.85481079690936,422.5686657453337,420.4861703067022,420.36266103397736,425.8244943654052,415.8841919915452,413.7775059452689,402.4848479914237,416.6799592474705,411.98367726656295,412.370371138167,429.51721840932555,441.2626465964615,425.5240213415804,409.50170558111546,413.513571789952,422.7584818913095,428.0870251764889,429.2379184355876,421.13718351765095,419.6814169179331,418.996782419506,399.0102391335939,411.5370346935131,427.95563513013377,419.45486816375825,424.9058824706732,400.4096672875263,409.670074273965,410.3860099140964,413.90452027459395,416.2608599918624,414.04882904680096,416.97241165059296,413.44140725491684,419.3873528894381,426.3830684365705,416.3546388262239,402.0301128309657,418.86754610491573,415.0716724358636,424.67881379226736,436.45544009888323,423.58979045249924,408.67207674618885,410.3693135305937,415.2991185177594,425.16994786910715,432.46245590174374,423.5169153416326,410.0476376290739,414.7782462155228,413.5029967864738,420.07182771046354,419.51667701904586,427.45971918716356,418.16053674789373,423.77758355961413,417.2337426358053,414.05740832279935,402.78068443641666,415.1464437119492,418.2819977887317,405.7742055081938,429.53267037317175,411.15857847455584,428.90725883312683,418.96945530669257,419.54200739750286,420.3440451136113,414.45793636989504,415.99880932575667,415.1970982841019,407.6489343495467,428.93999163068645,425.897448458721,421.80281188744794,407.73599687457255,415.21948787677024,426.46378933790635,415.73355412920154,414.2648750097601,414.11898651449775,420.0968154410982,404.4900855488209,415.2079272514676,416.5642389187001,424.8153596354797,425.455432477343,420.50015375848295,413.4893000697448,420.52724563504125,415.1662683084184,410.1738527115639,417.50696231221673,414.0971450331764,418.6489305003234,407.3401999456264,413.7847862943091,411.6462861243963,422.75088545574505,415.5651417875609,420.01134687064024,397.5295111236218,416.88272753839334,408.461437254454,408.9815480982841,423.5022461902362,421.5385699782993,421.67868940881834,416.37781542479064,413.0994401397714,414.5531560259972,419.1750134638741,427.74442278916155,426.64233643097526,427.871437755946,422.81798239489234,405.3002049753258,418.61729695058864,419.00699547286,426.792142841774,409.4534038843982,421.8169005486821,414.22638958025937,430.6023733858138,415.8103755744754,414.3216090928141,418.8396340712483,411.57508326603,406.80310160506497,424.9089547986338,423.0003533633752,413.90192221061073,406.9329689760174,405.6843010465808,432.70067126302996,398.0093141559703,408.88310993561896,408.8366163419727,414.03600619277853,419.62634177802494,419.32548676580643,419.99572078005406,410.23957508326026,431.7470772552458,411.61167242368253,415.30638969602086,412.4305940675303,433.6248493344717,409.9462563087748,418.6095598737286,422.69738883970547,414.511492660789,413.12225180531345,420.81599365819613,416.5701528881445,404.88436918089025,412.8728947415314,417.27234245164607,423.1090801509609,407.8374627533107,413.8809593258308,398.51986764161114,422.5774333692232,412.9950741357286,398.3516868143135,419.2101186697146,419.61601532812955,406.44662998460757,415.6361587408711,409.41791493880856,413.96783616961073,422.85564215890463,422.07110256915524,410.517647597284,407.2346516705391,414.042275546737,417.1117032198737,419.9905203077397,420.04820519155555,428.95827485257627,412.09588279282394,393.0817274329028,423.3316067522119,412.56462383963066,416.4782289501303,417.5915641977439,406.0548424619153,412.6959403585734,415.2625383696276,416.85812933101585,424.12707818319444,413.46628198449116,420.5165697927462,412.7414079267035,409.86498400417304,422.1650668453329,420.2519942940187,407.6284694165617,412.5456721910674,409.5853610186911,402.53987328044167,414.72934534680263,428.2929228998884,408.7725199427668,395.7827876141646,417.02717681327476,426.0662778500135,415.6904501573395,422.9415087878354,423.7006770675206,415.56522955667896,421.58233463265054,414.90705499690114,425.22528322723286,415.63510151530954,420.72896791781386,412.7977011991434,408.4777784748295,415.41912659143435,424.6904948637283,403.51315057469156,416.0782317806346,406.47348699741656,416.831450080949,424.3354463029717,408.17456227212983,415.76381957624244,414.4853669371305,417.68179604174634,412.3373267976771,414.082966269017,404.26315293072264,407.7098963611485,413.5561783540573,405.1457412387206,420.0404989318758,415.0101543254239,415.8913545672577,395.1708045050288,409.7721057900967,417.9101939864088,435.24682257254256,426.21886311951977,423.11662025251957,413.84972426600297,410.83953144714116,417.2586048074076,431.3605922440745,418.9629922127227,420.9349137437935,414.3899589155181,407.9495076297633,421.03183268191134,422.1465246803692,412.24182367958235,413.0331325340687,416.29142534602005,412.70422983185244,417.25204122060984,427.1190106527475,422.0676703925486,406.1575562237588,419.88350656440855,417.7461050086432,440.28937185269285,418.06279042419675,426.35669554486594,420.20876276876675,425.13748582601386,406.4716693699303,411.9992480170082,413.20129217694523,413.68816374075084,408.43061210493823,424.08771198541393,413.9622392197137,404.69262338438966,413.33337966793346,419.8119004773874,418.761959612569,409.8775282883548,410.00223541588895,417.2831827593512,414.9535788913963,416.30384189588773,413.42060858142855,422.13093914597005,411.239823840351,421.7814447707963,417.872937160053,416.6627676928578,427.5775631535444,428.25746270314534,411.816736200906,411.1857827853741,419.11335884950796,416.4845878540246,409.17038562733705,413.66700128054833,409.0797337748702,410.7337637753519,425.20308296941596,409.6209559268979,418.1400795661402,407.8206238060597,415.9714163177406,415.52399048860303,416.01783726810186,410.9230301188421,417.9302110737762,411.2135152071565,423.7243931772532,427.13170193766416,418.5693287241804,407.53316145924623,410.65288300080766,410.17228635024367,413.9951144557465,415.8051832846669,405.2137339791689,413.88386869413193,424.4868659559506,415.42250313225827,427.2722198928134,427.78921041829665,419.4193756342481,419.84367909061433,421.70205513374697,413.892358368175,420.25886018213686,415.47953439218236,420.212184339148,424.05781652680156,422.7380340346137,427.05087086599275,417.57888837023756,421.7760424062753,421.3382741012942,426.1541198606603,407.58477607745283,422.37474959508506,415.82274385732956,429.13910509951677,404.41702000356935,419.77803313200866,401.0617933019525,410.1205175746159,408.7098977985655,410.6440102144843,422.95144476813323,417.6867209500947,419.07349592925686,424.74069884490393,415.8949351893468,426.26800982972884,417.00942025049994,428.92254020260106,421.7323871129795,418.84835074298167,406.99651187303965,416.1287307660893,414.0525614511155,415.7289191356857,423.36875474981434,419.3414097126386,410.1039302260475,429.65834364197997,427.8008338641403,422.2656304813936,421.47872018764576,415.0079061775856,415.92099177732445,427.0601972866069,405.6896574729694,421.55298879188587,406.2328206757999,422.12901548082374,428.8887318524385,427.53498922765885,416.32001683645296,411.76819726785664,416.9228053234423,415.5755828931443,412.62321128202575,421.0681325175049,414.7213511846573,417.8624706836542,419.1199552457406,417.8591454326144,410.4340152548516,409.4776013688362,405.65001923883216,398.7251527054594,417.68243615242767,409.53179158775697,425.1754317541585,413.90076720832343,405.94549835048406,428.56606480914775,421.6466207523383,415.82236540548894,417.1829484292884,403.0332895891002,417.16139603241083,417.88976328177546,417.8157658624414,417.61916871771604,419.9662223900872,416.87110593862855,419.1148956157453,412.36418427017554,424.85665724520237,428.7087301189325,431.6763635954458,414.60901059654344,411.292580889541,415.3366267568713,416.67239837597214,418.7507105510956,414.06743624298485,439.7483779570887,422.72402132513406,403.1870618053571,419.16740797366475,426.9143652187234,409.4638903216868,417.78011793892836,429.45165851769,426.56026838652383,427.0495195904946,414.66218792150784,406.10689939974435,419.1873137786313,418.3922246831851,416.6720925444752,410.45950654398035,426.36895443875545,415.7659973556518,417.3464178084499,430.8001065445576,405.7136558683893,434.62762928224265,427.69377780383786,419.2158288541378,408.2780471745376,425.5511065016895,413.07018933829585,432.2021720203741,413.80330644194214,416.42893651210653,424.66906384483485,414.4887205654882,412.71851484523233,423.2787730627327,407.2942433274696,425.07151453773656,400.66017413617254,419.984713371046,413.8689750487546,415.31839645302637,406.9361277515387,412.71158308863886,422.116804500161,410.9528357675346,407.49135188822424,420.64335508636833,418.2365066845502,413.95677743106853,412.1075988737595,412.736883723441,413.350335596448,420.3612347739493,419.4927473755631,407.73353392909667,419.10381698125224,412.88255171091777,423.93723904569384,426.05896533231817,416.4893022719555,418.77314498536555,428.07330022747135,416.5664970808009,412.0286563205068,418.53866738301645,407.05272508397815,407.93731168615705,411.6264236347792,420.9937596602567,421.64217964724025,410.53644390565586,422.64867948674686,412.6802057033227,422.640307014928,422.3685592195213,407.0473279176618,436.62836854013676,424.4276629009255,410.46275370690716,410.2298624709772,423.54908059851465,406.5326901966351,424.46727315535,414.4455402593219,416.7097445808894,411.2292860053187,427.29933594262997,421.88010694849135,424.27964120009904,408.76184483864796,421.38095465629266,421.8750960398722,409.585055910704,409.86237852781613,402.2115487075544,406.18329692825716,422.62495466584807,418.5626796057136,415.54780700725894,400.3339344244743,408.1538546101201,409.9936748980372,404.62771536764456,427.8757707060136,407.6400100517649,424.7776095901076,422.46814364443867,401.67063104679283,406.618831638032,421.78624745311487,415.4907944466885,417.8280488139942,415.06673158941396,423.3816502197643,412.94353668258475,406.76719261413155,410.5021130318325,412.5630041713216,418.60738382960074,416.4441250105346,411.2171480754062,415.8476810190173,398.50371810651666,418.1115442750735,410.87221446904346,426.97584175894355,412.35089012677014,412.1898645525757,427.32332250786675,413.58290096301005,417.3043362463953,417.73880049361856,404.3120843738971,414.4422761583279,414.1712430352486,408.6696666875892,415.5255661860376,416.9228667567703,426.16249065250963,418.2149961119015,401.79839296543275,414.42149206437153,415.23620215369283,427.8011446123715,414.3327960656927,415.4910126781886,412.44139352136204,420.5901072035936,424.36499958738193,418.2899333746544,409.44870181724264,411.6250061576216,427.55740226648726,404.9488119169935,393.5921556844123,407.98594693073767,419.7836660387169,423.1340541235762,412.3920157631906,423.75966288233013,409.46799761078876,409.07210196441986,420.9732417867026,414.26224842365724,411.4144367392107,426.61468986904106,398.48416470165967,414.6631811386136,408.91332347135426,416.97825677547314,418.24886863311536,404.616115618247,420.30460111656566,415.0383976691878,410.3596154971911,417.2875167437437,404.8465943963887,419.84575637462837,410.0928170228391,415.56974991253026,417.58544680437836,410.89890745134676,421.51869112096324,406.3701375856935,426.01177176304697,406.488415716799,400.43628512004017,403.96364144275833,416.21619830618664,413.1011617365722,410.1365962786445,411.72353860815076,422.9213269327248,411.3355748215996,411.63627954334476,418.46315152333517,408.1125900278111,406.89712523777035,406.02603240215495,408.1933121822915,413.5311246947054,424.3900260004147,415.5916430863173,408.8717736804996,403.87459749850376,412.3805105149511,412.42038703187967,406.510985913994,416.1349616254792,412.31000861159896,419.5618000720468,416.37536402454106,422.0871365933694,415.00307226751164,411.21658915255307,415.58416582516594,414.9572561437235,417.7138156003805,417.92188945796556,414.0549914159979,407.69660130608105,413.8857402062498,413.12398600906994,419.8010089318423,406.04239683740565,419.04779119118984,420.8732868903932,410.74703996392174,426.8924929044996,409.90300989089377,410.20182946912627,412.76904841876495,410.01199377000023,419.0073908391448,418.4382408449929,424.3542824907735,416.6578022122593,407.30170758460025,406.2884879635641,412.7933642195335,420.3819153267278,406.49765748360863,426.01502328515744,412.3175502083909,410.03092605148396,410.9009721547352,410.1323303554033,413.7673465321521,411.968973201146,415.2181085971175,422.5954776370786,405.94599391384594,440.5183253108492,425.8488668597641,414.8283870562284,424.96751434903626,421.50760537175563,402.40357857713076,410.68989147446484,429.8081406442884,422.45581010842403,420.4215980258945,413.60592564721117,420.9349663862217,417.60682077150113,409.34014965542826,398.2082029378974,410.28748206838486,408.49462319633005,415.5878695416381,415.3987895237664,432.1150530775478,419.63803647647154,421.9207457532046,423.31746388983345,423.3381214267886,413.68445723045255,412.1164495887487,417.1148596191455,431.84308353061067,406.7691664822203,407.4110695855863,420.15693785125404,412.3973913762307,412.2240961049322,418.7500691164454,418.8356714059939,418.59520224862,404.6999679908727,418.02944612089095,417.2957087643336,409.2095609604666,411.75272242743046,424.2678485484239,414.970452684877,421.47963219313243,417.24355936637767,413.4706353537729,425.8810490954002,420.371723182653,419.1073061857639,424.8084142652177,414.9390050171701,413.11180530964174,423.59159072176607,412.7162320534427,417.4281115461428,427.8904990520217,411.6197599221417,415.3177675176455,424.6847525571665,408.7685578324875,410.16927696587663,413.5872770790681,422.94446387866196,413.875852382982,416.7025719931571,410.24140032903955,423.33131087516267,426.29040898265595,409.50887828660206,422.0493984341989,409.10266144215257,432.01359222081084,412.9035949430276,418.3591085266686,423.6856269722082,417.56683163985525,412.8770404827719,442.30266792090407,411.265902965234,427.05211024063317,417.3133766856059,421.66339324888565,415.4413112663762,416.2151860503929,416.74341398826203,421.6903118022645,423.0928052149529,410.4697433927159,426.04075066567754,418.2858036744428,429.75322237181183,422.11707027528945,414.92927597832204,420.56533213334956,409.05302602410956,416.9573381369154,430.4944624275073,415.1073762135053,399.9354627619848,411.77532986354413,427.174100653501,406.5139960467406,417.5181963485539,433.1662910535411,410.65746041322495,413.4024873642139,434.14876988163434,417.2945500587424,412.6486982488283,420.47606555479337,431.20904850323353,408.6154938488487,413.2118346458689,405.9092541309164,411.3412019438709,405.29034505845897,413.46252531039164,413.44676055974105,400.91868988016626,400.4974183260978,426.01218502159156,412.91966788388385,415.3036131436131,411.83870369235973,411.35738183125517,417.83595595708283,416.2901718693321,402.8735740370505,430.7736276816784,422.5404468487096,424.9578280883798,418.7825090951326,402.6371413197037,415.44907439568163,410.3396319000923,407.69193825717616,415.06294282861046,416.43483618538943,419.2940281469503,413.5968321868964,412.6049653804847,414.9140727344219,408.9317324263833,410.05268906298915,399.1668709790593,431.450158287026,411.88186325477795,428.2537952572578,432.5579737229746,425.2468482880177,424.3952239627241,403.3389656822154,435.5072133450057,427.7098699197745,429.8332966407864,414.65985854095925,418.717985595539,422.55010326581595,409.6159071932845,413.1559305345816,406.10843499371066,411.4069401816597,413.3016849823616,423.5341937511859,412.55524437295253,411.4762684393173,417.52766368212383,415.9000462289497,420.36911544862687,415.6927202587728,408.130069373748,404.1243685664935,413.5382596082122,417.8678611271519,404.51961423990406,415.72698205796274,419.5304098274507,409.1600352446393,414.1986549475545,414.9707707269896,418.21351333771037,421.2519824623992,416.4159783322646,407.5788192474234,433.5452535174755,417.18218326016313,421.7672920140315,423.93560565465236,429.4322768907623,439.1930555711042,412.76154695233504,416.0844702567412,430.11987608243453,428.3475301188223,423.67287298806,397.3906642199672,415.5656559103423,423.17179948840806,421.59801469585665,423.5608479764905,408.9053511213803,415.4540051193741,416.4311956857407,418.4313795197893,415.6189701251555,413.9945406556294,420.59797724174194,413.91550542933896,410.6492151445004,411.7003389204515,421.7799996877913,411.7079849678909,409.01435510080324,414.9860449254039,410.2479534835232,436.85009325497344,419.5976432420807,408.52499594097344,413.47933714382236,413.1950135037578,414.07552890939064,407.2855863521937,419.9105919089122,391.15800024970486,424.3860248289439,417.7700881233106,417.0821206918104,416.5778910717184,424.59450173861353,398.1907757773235,414.50743658843686,417.7413411225859,423.837455493757,410.7423705743973,415.7356829061777,421.10444463463534,406.03918661053524,420.5979853849787,415.4261257895202,416.79725653245094,410.36304523894125,405.4221755957271,424.93694859831845,425.81063751097213,415.4344737430958,415.37702126220654,412.273566476962,409.2484269477547,425.4694549775764,411.6241143970206,411.50489828101547,428.51479016765643,416.9812757876826,416.0428985258425,420.47140712541,415.62136039079445,408.9755429919913,403.76519801921665,417.8988172391579,406.8585420638699,404.309936022532,413.61305872777336,405.6669784011414,412.5057923254367,413.6116974369878,413.83316743041,417.81855332970076,416.6862872756214,414.72583262610186,403.0786407852178,421.9126883350632,427.31013523203995,406.56884420570435,404.61779361338205,413.6724519591923,409.4745503703246,409.14788573458463,402.2262667882889,417.4447213472154,419.6162196570806,421.7076471388373,403.71956155423095,426.1157417732093,419.3240564774144,411.559670296908,409.26523301077015,415.91373004820446,413.07072372292004,411.88139285925536,413.63281405292946,417.27029801860635,430.98580039349275,419.3508701835315,422.8208848938427,415.2925585022664,408.4976627290738,402.37942056000946,416.14106276912014,421.4863084711078,426.2852076941606,426.7875491990347,424.38429243661807,421.36729748487187,407.74796741779517,410.95530479523046,414.71269992686666,424.4078436435328,415.90734704208364,416.98307930773433,418.9533420813152,427.52954752259353,427.5297281167462,401.4436879850784,413.9691155379863,412.65351259423517,409.71267397964556,417.5171910924408,396.5494798017556,416.7607354825596,416.38972302540014,428.71810027604675,417.59204704468107,423.36032836883123,421.3031539559341,403.9820208406086,413.670392424638,413.18607143435116,422.46608854401427,424.1392718363888,415.60642638446905,415.8670296172318,400.6884247247699,401.5852983813296,424.81403347623416,418.45277273536857,415.3178608837447,414.4136456420125,434.38411776231027,416.2720051911903,403.7405627481205,415.1885195529437,417.2333820347469,409.5465746565111,420.26760331490857,413.4793291028259,410.2091235478628,418.58307718966097,417.31122083039327,407.4397617015352,415.18092860361173,413.0254611272424,421.93281495851545,418.5840088680339,414.8009689657487,413.57540920530755,412.1856831819895,414.1807488856307,416.3094237808105,428.8395632975485,423.0195480451084,418.4559665664039,409.52447543063124,410.4310633226163,403.82507533381965,412.7325521571015,409.36145950306525,413.3341800091932,403.6190777337521,422.7413516645291,414.83919224589914,412.8204668970953,417.21942765153534,418.93693385530855,409.56694908457945,410.723081142351,423.11965478728666,414.50950287380516,416.78059918906484,413.4439116985694,422.8152130097672,419.9659106739029,417.1265435631028,413.7042913867956,428.7200469718879,415.76654869329496,414.4449786582915,410.200486386956,419.94684268090566,417.75009426435975,407.41220826994453,408.2597810049144,416.28533570225335,419.3658408426349,413.27645434321136,417.3629860977254,423.0213800322161,408.5814586757763,407.5629204215165,412.3787724463193,412.5293915409624,418.7716810794631,420.53563546862785,402.75331076465835,415.70270073413883,409.165028796527,403.2812293167226,400.8738208911189,411.9340521079771,413.1390954763155,415.2225165400736,417.86044764063337,420.0154684451053,428.3725887489344,415.67780493391984,408.38534069667486,401.634681433007,410.8040822750053,422.9020043696042,411.48877406925214,410.8077752403778,415.17273601272507,423.81759471064623,409.59402621084877,409.7724904477174,430.48340174558007,404.3538727398644,414.93434105045714,422.35058091541225,417.64809355091376,396.26534270808276,424.4371277018925,412.6990489821887,413.3881614963296,422.0081292945069,409.55648480504755,423.83547592014673,424.751312589564,419.13376828910486,398.98089049062423,422.3165514605423,412.407433125855,399.822118226841,407.04606413873415,419.81726665117964,408.64652373806484,414.4078922121961,414.6082477746794,416.5324000277742,417.62638482981345,413.1892904472231,413.8754481365482,392.68756961471485,415.616116678972,423.06864750843215,412.88814986208484,411.01797789696116,416.18030997942765,412.4676702812325,418.71901960618464,414.15627899767713,415.7886588752026,405.5825196694482,418.8807401949862,436.00912202965105,416.74325018733936,408.7363469309227,408.4089969811747,408.19259258242613,415.49617007722946,419.35991817966243,405.3621381450852,408.186949124145,420.8543499985633,415.58307525523566,423.34839810557105,414.883212446582,406.2647489357802,409.30242577396007,412.6150653890847,426.40582367108243,416.2777480655676,423.29122650446016,410.2949783910521,410.7531815790587,407.43903526904336,420.9837005628941,421.9944724126932,412.70159204172916,424.512627021023,395.270315294892,405.35295793769143,413.7344114712694,409.0694885335351,422.1965703104112,428.92822641005733,427.2980997832253,415.4606512787495,408.4439279217306,424.4647799639902,432.7287936621442,414.37795003980466,414.3329960107895,417.76180341355047,407.43872417566564,423.6172097351214,416.67086568243394,437.63766135152986,419.62292454451404,415.3321563099526,413.9298128588794,411.3563518971952,407.30622663449685,416.56860179706825,408.91347901455435,398.63852144570416,428.3504371020991,421.8195183271766,430.84478543475745,407.997488754115,414.83011103044356,415.66111934794316,427.79084315035055,426.97538961049815,422.5463536718624,418.9848314227642,412.5434284577314,412.22580875793676,409.8272514496718,421.3816075294761,428.0923841046492,431.0622465927082,416.2866195529003,423.38219217462137,401.12833119812933,416.7688691762014,424.5083135631674,415.58916511022176,424.19413519207086,416.1191299387932,415.78235154593426,420.8023192560177,403.9301057689711,416.84937255661407,417.4978278877894,417.19448690243587,415.0496494368597,421.77492950732346,417.99703952332675,404.5556466606721,418.5411825820744,414.90859375345303,410.48030701304805,425.3956415992586,417.86398461648827,412.43909943298354,418.03395574785145,423.15412560053323,427.1436994844655,433.0699168213383,421.8676118642269,418.83005126136885,414.2632238937174,417.1278376520017,409.1386662798734,428.17308485026433,414.9041582292562,426.8832529854352,410.2355585853912,408.92439614510704,421.2905536415644,420.8720055394608,408.2805044623857,423.4284462100632,415.7834911441467,402.21489133850156,410.28747991739584,412.4238808742296,409.8533758822029,409.3713553176277,409.9612158320942,398.3030789657905,409.31482043969845,414.20235863189623,419.03678066881935,420.2397560278484,417.0353936547245,430.8664024923391,435.3896776601073,427.77502375775174,415.7697187545494,404.061224593219,417.62457882761635,417.16491638297873,419.8187694160417,416.5631975669786,421.9439651371417,428.75940218874524,416.4326011328308,425.53555751101914,407.2067825860772,402.24078048410206,418.24636131043565,422.53073067675723,410.09264288490283,414.75410693107176,411.03065165094125,421.1135517532372,411.322996637542,419.66972977278414,411.340497479612,406.5401522050769,420.66907185610154,425.2905964659971,415.6337186850766,408.08773094923976,413.7535945352534,421.3622973968339,407.30296468760775,397.52994629999716,431.12485381550755,428.86656730145097,405.790885560277,424.0615996203872,402.43358245204604,415.83047929328757,424.74267611822484,424.35553243427836,430.8337472864891,403.01138903718913,431.22535576904727,419.92677161204614,409.1979683079092,413.6893941226741,415.9026350369235,412.1687222937619,418.40254080174725,398.58098928785057,415.5517913092312,413.7580435611579,413.34325820127253,416.86226117305966,426.87148163650244,413.1848032106948,413.51064952235396,417.37944230342333,414.8511559310468,414.33993127573643,412.2614931397299,402.37836373199144,412.5354328158677,421.1939371984216,410.12670428087546,423.544513692441,424.78408255296085,432.8837127587529,420.2753821553978,406.94228027178997,418.0553444255385,411.8551877465478,403.7986728613625,410.4493038498182,419.069677939086,425.54849329375315,426.6197391609192,416.103984453225,409.8873097965553,406.70412793678094,416.702455419193,409.9689638131756,423.64086661393804,414.87649736208886,403.5402467127217,409.40105339256473,424.7275880277538,406.8471503788723,419.97398292639036,404.6154330329424,402.8351842169378,409.0293673729114,410.91181116790875,409.3436433176557,429.31998689019014,415.81862610287277,426.60281102595735,405.72415525377,422.0695368667195,411.608267277837,417.5813539617248,416.293055182373,409.3254779783646,408.1979351548221,419.20828557498265,417.8789121752177,421.7475798549151,417.14570487481654,416.65292310052337,403.8443104492098,419.641691903048,422.178141880712,402.47081934327235,418.14565533862236,416.89073154649844,419.2877693832466,420.31298010994595,424.8285321615339,405.5508212135262,419.31884168920567,412.22079484212117,415.7335184767124,426.7015575756995,415.67262760726345,416.1143983991634,406.2230580529661,409.638086250594,411.6021061071399,418.50578659147584,417.6360275946736,406.8215040852207,419.13236801009543,411.48006898384705,426.1751186202008,422.66083899813003,406.3831210784047,422.70098793562653,407.46595868163797,427.4683305645472,417.2199215596125,401.37030911184087,416.7239465378498,420.90494182171886,413.895674262861,420.9007831431351,420.84471428712686,423.15745638825615,428.58964588445855,418.8745763287797,422.87962744320333,420.0247574586195,428.5136545696827,413.6645148457782,426.52094263437067,411.46625509331284,414.30236263437155,419.29225076267255,424.983680554217,420.24853168731664,414.98332392461975,436.22250138038083,414.63281251443686,419.9991379517113,416.350326658438,422.6010109379891,423.98228782448643,418.132239225471,415.2226912534189,414.6544114817407,415.7634134456184,416.91334881426405,415.0915461727941,411.76538601782,420.38102870206194,411.2262329912953,396.3001014442032,424.47671569733376,408.00324508301264,424.2948786036438,416.3771143714312,418.03306108794527,415.0080262521398,416.04255883892046,414.2492369439808,396.79326814515775,411.5505424907173,409.15288808660284,421.6547903132307,409.3831923908838,416.70473521939573,407.903518010547,403.71610959378023,430.071833242388,421.8122746205959,402.55121855936716,413.39404875288443,423.92583485534936,420.4753909631797,405.74462717692387,421.9642191437758,426.23093847096544,426.86266632632277,414.0855430292481,397.46359732708356,421.6383193233716,421.44064310926444,413.87856210200954,406.517257961487,418.64262126282097,411.150043660043,408.8158081499514,417.2388052530122,424.21316381657147,427.7613741663328,427.77818971214407,423.6752049453831,403.53006788266805,409.9785383526161,405.68286504193975,418.84626004259246,413.6829956209325,414.4661655641061,412.7907992608941,413.88761519394217,416.51080830607987,426.8232199440781,409.5119633320296,413.56135655941404,424.3603583977074,414.74111525511773,421.1982607050807,422.2577550083192,423.2259357054813,412.76323631403505,407.6236166924285,410.1476185311794,417.6382677652074,435.19573433968753,403.30966114422483,424.243862197648,412.1889094150701,421.9282215619271,414.9488282138996,412.6448858156408,413.93049166193,430.54772450503657,411.7952909593334,416.3513430595794,420.55491023823964,415.6489107000176,414.77898718993146,404.1429353040529,405.25976724691014,405.3140130751683,415.88029726627974,409.125518773546,412.26388964979753,421.48539353172845,401.61284193238646,409.8280808072247,419.394545844086,423.9402409232122,410.08265303946865,421.00492481191185,415.7316002642124,430.3447113777452,410.1345674038087,416.9515577386456,421.798086122723,417.3069142493583,417.0372382999378,417.0268744806081,409.86488146124543,410.1219270158349,416.70889492798625,403.90746432989613,421.8570584002749,418.92916068439985,407.3305741996694,417.9897667229563,422.43733909091753,415.91661222764554,415.7976230052293,409.61975789196384,413.5841369677858,419.2357163706812,420.1839086489307,417.9976301673658,416.6726623673222,412.7283431474931,408.40241946956536,417.5469517812834,411.7991200445886,418.2823109624189,420.157027025104,416.5797121725412,413.8441970180202,410.40627498918263,415.1057517053111,423.0334054676866,409.89946134481886,402.73169460823857,421.1518962338805,410.87330439762746,404.8511401063842,413.105329687024,425.68062180719215,426.6615379498916,403.9259706514497,410.6122237144818,407.5684779857183,405.045608752747,422.2885033516602,407.6613708499059,420.3361127559031,417.10458763269764,415.53959655070344,412.1345766402442,407.87103977007376,417.07585635638947,408.82560935645756,412.0793178065724,418.90313128472525,423.402732821223,411.4816322501981,421.8489059854621,418.413552653963,416.8702607090121,427.89031090127196,408.32384487513406,409.84264248403514,410.2781050981665,432.0382936727672,399.47606692132916,410.03270361153267,422.16380033562433,417.96431178331267,412.93629965935264,421.43768803853726,423.29365818418114,411.1339929774976,412.8442163056098,418.4105560657434,417.29168647844966,414.3409527353636,406.5731459178072,424.92956142948697,413.21314864039834,408.9227386920304,419.6386184906847,413.6109297086477,414.1146518719745,411.7560529316963,411.7004723353015,437.0364419085403,414.55334282023415,414.99989504263186,404.62461427201424,416.8652498956075,412.2460062652807,425.42625761072213,420.68956441952406,408.77659715628977,407.7967075292325,405.04843086293465,413.52678758370195,429.1018834298275,416.8956160831987,419.33086925600844,414.82818819898904,415.19111545733637,415.9648706824617,414.2661249501163,423.70703512750987,425.50115747216137,428.63473635165,422.79660810693963,424.61836731798616,426.6120873039151,425.86259704071114,404.96341759269603,406.9869091491253,416.9852389238915,415.1522328580485,410.85194156681484,417.6455583467329,401.7747475401395,401.66974767383465,414.92146781594266,403.6690140736498,427.2521898865261,425.4376248087978,401.7674336284285,404.3310608873915,412.80183379461386,401.240801980109,413.7031591196938,421.65945652825303,418.84011756656776,426.2098974233146,418.33910917577555,422.5152184095577,394.89388971426195,400.6620775333395,420.8108924000338,418.6343854874838,424.9235802410785,418.78643348032864,417.98659565899936,411.3994345436278,421.26204788951645,414.768674488833,424.74572592232414,406.79115392238475,399.26298116356617,416.0966397774436,404.2945452253112,424.4083026912064,410.73898737313635,413.79611745119854,414.3179438811299,412.48334415802765,416.27391146775955,416.499259627426,420.8926784796102,407.0673549180392,428.6006838483458,417.2000107535082,415.9161965108049,416.312341601236,400.65486590567093,410.22702531174673,414.30230329698037,418.1301080184303,407.7635263049812,421.8889199875038,415.7310478981088,413.84263140700773,411.39870925414516,412.10955227763066,412.76274879088896,415.1426343136989,406.73407258396935,420.70749832165563,415.3289485704298,403.9366494483102,421.9641401667268,411.2573307483064,405.30212462631374,411.8949387002823,416.41224380021254,409.856841823838,402.35659040580384,416.36346850583135,408.58686575635403,425.4923252142061,406.09322746898715,425.8766846663853,413.2633679431234,420.54225972680365,426.2289618882749,411.46946071461997,418.19579134650553,411.35013089484903,416.8466181170366,413.2528689210176,410.20275674147376,417.993293332775,416.6612439029565,414.2778975535928,427.80154217062204,406.48040692798514,405.5535781637917,416.5346930999099,414.2279449944239,399.78943119661943,428.38980158514585,422.3013042441316,418.0717542573043,427.942494683611,413.85868711813004,416.78130831602846,420.62696915055864,423.3587727883211,429.7488984657312,416.07394643296567,417.7048429370566,434.2555468551564,433.7890566257881,412.8136207097982,410.06575687245993,408.6369349752153,426.51981696884104,415.84835626841976,422.0901422932503,419.1677028115363,416.1028398933601,420.6152699338858,407.7439268034556,421.57780774484775,409.7049296508625,420.8178815202715,419.59765678065,420.4592432880457,428.9769574616779,418.64638518601356,416.73882804892435,427.55390813612735,430.20901980468335,420.38069579027655,427.71895852797763,409.72829101161415,397.6011045540472,416.1733294265318,405.67081177195104,419.86392634324164,429.0406850186727,425.27631438997093,410.442506132876,402.9462746477312,410.4522567607405,431.30966103627276,414.16163329969027,424.03909910474573,411.2812996818204,426.4683043891128,419.9605263236448,410.74932813782704,410.7632999645978,409.16295586777386,409.4619743539261,418.63273020303143,401.90218443341865,419.08136952047306,408.3493056817062,418.25200698952256,419.80366885159935,418.9573259740485,422.7940688749597,415.4851067610722,426.84816520353934,414.1525604884889,404.60756723115503,414.09564586916815,415.9014609764919,419.57632852577467,422.02178510698735,429.0539272764879,420.7639930312016,425.1766386918779,422.0258738973012,424.19813142555404,430.202298815798,410.942544624181,411.2907986950812,422.5358816130605,421.11208790455396,421.90179155284784,418.58162656058295,426.301084874129,417.61892442299074,423.0240068234754,406.9903605350772,404.0791567383163,398.9941665211907,417.7158713498025,404.38177517943507,413.8111556188328,401.34414752472964,416.63588199971286,415.8860600893642,424.3861250879813,423.48200564597795,422.2543513708533,404.4133097711643,416.6122055730895,429.2391263340577,410.3215292362964,398.04757508233257,424.19273477606004,409.05674042107734,413.6502619567168,401.67558413581594,418.37487463198937,412.64894166997937,414.6151825793132,413.84908547367775,426.9701605615768,411.14201331868526,420.8697913179091,410.5250632969896,419.9899588962648,420.6786453021194,406.1885617169675,419.028803709912,416.59978833756173,422.42662358900407,416.20747131884883,421.0987427895223,409.02513311798714,419.3644005271749,415.2179082976246,413.67772124350773,418.53827374446894,408.35612268720666,415.6526642790285,422.76931393857603,414.7506783674468,414.61687238302886,438.41167952479566,406.1928088371353,410.62793967824564,415.1382552724199,410.3838989011735,414.8365258947186,412.55842700595514,420.09177319607863,425.78832113375285,412.7729216054429,418.7657901767188,420.1542583665374,413.1994310255406,416.83324528859083,416.7879379967455,416.4259276515838,421.1108482922803,421.1876915247763,405.5111862800179,407.10885491133917,418.4971509602607,418.42720893193774,426.170215415147,411.2889047476605,417.86853890305474,410.2140385751186,408.69482241336226,417.47858003334846,408.1359151456075,419.02394897841026,426.7955133755976,410.8366163986713,435.16264432279513,410.45578671039243,428.86306958535806,413.58714014572087,423.0701527233214,417.29587536140156,425.919306737166,406.80728166772474,413.3605197840665,409.20881901653036,415.80072169063357,411.61533273686666,411.0279079155599,420.0934357245086,411.51538669573864,422.4212794242561,414.2176353054834,412.1263517049791,412.50284909866167,426.9968792871449,415.91754106703286,417.42804863810704,428.28484111080576,424.31103471093945,414.0545422516559,412.2742284420206,408.0334177844277,430.79476200201424,425.99648350698936,419.22557031105794,412.6321021041731,414.9889988713774,413.8706688070354,415.7042174928861,412.1675343266805,418.7538982052269,422.43530999781547,422.301608184852,414.9385545300234,420.2591165827715,415.81557275434426,422.2198652760477,409.040762728015,398.51315988769477,408.02552655858835,413.32516554087834,418.7659398574524,411.91655833505894,408.3737680744808,414.9007023652623,420.30104178342026,417.9985688573286,411.3603716304668,419.5402587417462,424.0919440011838,419.0801136778221,421.4433744841833,411.07590550985225,407.68679484129177,412.67226275204075,409.11194479994157,414.6181278038179,418.83028960542674,411.31399279212604,405.610693350933,413.84376685285304,414.4922090656884,417.4470235444896,430.9609681048099,430.5189777560411,413.1959515386243,444.48104614344675,413.7874979402269,427.67206154974764,417.52891168387134,405.4804083310732,424.37742728707644,414.34012337832837,428.56801663910386,411.6448600317951,417.4652020750698,438.16632375981527,415.17785227287055,395.72356543705,407.7512963366114,424.9942928446164,416.82283057507516,419.4299669167626,413.19167579394974,410.535746011755,401.76628205393854,425.35269741505084,414.6936136749464,416.16620064953787,413.4440288438214,407.34547362346865,408.67276402931776,430.3692248552208,417.21339006590074,413.40581687171596,413.44000043062243,413.3908820604713,423.632212061553,415.8476516095337,415.93486960345547,428.44550247718144,417.0043853720372,414.84545607921496,393.06680409115774,408.869374991078,414.2401146688756,405.9713887963154,427.3972515787742,413.42728814812017,415.76850034722065,424.82378567070333,419.49584082696623,421.4515339186065,415.8432811350806,405.74417977962275,415.32430432409853,411.95296145641527,412.71969694071464,426.04284837166085,417.7117397848573,410.03572755826275,420.51386078507056,412.60707491025585,418.35536450467816,421.6775741843943,426.16775657191715,412.4312330605252,417.44776721754465,409.5663040636525,412.8257340481756,427.56674597407755,428.3947048299056,401.7338082779117,421.1106493094046,408.74323042749273,414.77568808039683,405.00970255476733,420.05474837652565,423.13066773538617,417.4027460552224,412.8655281324006,425.9393725718462,410.19051882275994,424.1928316425303,413.4096560908064,415.44412405038867,404.0383016194052,411.27644282194564,410.3263486176275,412.0344077891412,411.68729158606516,418.1749851863591,407.4274854820522,410.49794450481346,427.6850627022595,428.2555970493759,422.35320653979954,415.63987624429666,420.0695809384872,418.7455876892578,416.145323412766,409.98851983678816,414.62475393196536,425.5957066691263,417.28387089552274,420.21707926896244,420.0387114859121,413.17927614648806,409.075861415145,416.6700922704069,421.60859808273676,411.72146874097086,407.63337998901324,431.18931815140115,425.36077582224345,403.7208624574869,415.5312354802146,419.64537207340624,409.9445284596595,424.66481375099784,426.58690330902976,427.3507349072008,414.985271563834,418.1592225184011,426.6832103488986,431.1286724075209,418.5049848423047,420.1718317357271,421.58545574470395,418.82841735299155,406.0742120166001,412.4847152203495,412.07895156931164,422.6532029233094,410.410871122954,407.98058417077294,420.6869315480532,408.55289867541404,423.2474298237073,412.6014488967175,409.65078789049505,427.9932058639683,420.20480697309034,413.2960813498301,422.0564340615723,415.3835235661877,421.93040489192504,423.30151807429866,418.1116744648074,407.3449896984077,417.28803727905887,414.22265709000004,401.6094622123602,422.3895447556065,406.30858595925423,424.01849632249633,417.0223999468086,423.2378601843844,402.63939285117624,419.61969170459594,422.5789229396435,432.3538380676705,422.52735284468645,417.96086661519576,412.6542609897465,414.68395798731154,421.8366718078897,419.13158040101354,401.2026394651704,416.6702723427019,404.07477320511174,409.70762621946676,405.71108138315645,410.094643311357,414.3512140388929,416.49531815913963,415.7320762706984,419.59967535102214,427.52303339402823,401.42642622442446,410.7272339733547,411.29751241004146,410.5720812614069,411.3810362882386,415.75735572005294,427.9989722458181,416.18793859913313,418.5489426636456,425.7661665958535,412.7686489462737,412.81572234601697,424.48331807741255,413.2042169905889,423.0807564757994,411.8693313932528,421.4919557205242,417.6294542119737,403.3576847535153,415.0161039507573,421.32947181665065,423.73176780496135,421.14177830313884,421.7033190395678,417.9628136703575,417.1876765312788,409.2827184505167,425.51849066138755,419.63345725814986,427.7716121781558,414.7169064397044,415.5934850153798,421.88380540711034,415.0765818172887,411.80800365375507,431.9545060665997,407.48640632942363,425.1444619368395,420.1162179303802,428.4802237300018,404.854386482908,413.04377786091095,422.1044463760479,413.55044334412554,416.5200539759991,420.5130107491714,420.7614399672338,425.1093870277067,423.26264558628657,420.20449570570037,418.49357964065115,422.98391373509907,418.2618108003563,412.5503667872441,411.4548185501801,422.87951509823597,403.3416902614392,416.2131795226487,426.4897913400683,404.3293500123293,421.9122756244179,411.592683675491,407.1534546838662,413.93632549941657,419.0542165739717,416.0835726733982,409.58429858214515,408.7369226376926,412.60824889767,415.4849132110777,417.6017148322992,411.4113633351067,406.5019405492066,407.16907133220235,412.8185013967041,418.7106498769349,418.53474100965457,420.24515331485395,421.3115616616127,406.2684299535002,415.19977659582315,409.99995706680926,421.1435405167261,423.2263306347985,408.2835227236129,412.7211584683724,432.69217651829445,417.413215332139,405.0303111955027,407.3989107400842,436.7244292198356,421.74906167457704,411.5962908641912,402.8874193030199,421.15894656604786,419.49012970373315,422.073948788362,402.00829136158075,415.6800290394099,401.0842885325348,422.2107063365425,418.19497973285877,429.8742887235908,427.56121080154253,407.75002378791913,423.5917146427356,414.5003771545883,411.24468356829493,419.4546493382563,413.79627876347206,419.90486435920155,415.64653044307124,426.0592032154857,423.61777371312485,413.5276366332954,419.75324718221344,416.17601666435957,408.1816106636929,420.07889974297746,409.845427252853,413.7520974611165,419.3932249017509,411.96238750559786,425.09505962697625,421.36572369354144,410.00895742310274,412.3150239916641,421.8573769384534,417.76838294002664,408.52238014610384,422.0664847964782,420.67602964857144,418.1718415191544,412.15275449082935,418.82660901661126,413.70480283518833,413.7242803438973,421.5885670521364,426.3295303833052,425.4396646397846,416.64233481912487,423.3668951055113,419.7618595433142,416.36044274716846,429.7372638595262,415.0213217113564,424.9687886286794,420.619971418033,402.1741236470789,404.7737223807871,416.91961699303164,421.10848777510523,402.42195445066784,420.778525163675,419.85768380995773,418.1134779842223,419.64796337539775,395.86652448642326,418.5165130647383,408.6213074609924,414.86791473078114,416.5121554198435,401.1906678232423,416.690501330562,417.3297251394285,418.9944856765262,412.92328156843973,412.48685379911507,407.9665185150749,409.9212071491922,436.439174745654,419.9862521341383,423.5188646062552,424.67371224548117,399.10104614335,407.59066786618075,415.467053703563,414.0246260975806,405.6684056960157,424.04545751264186,435.0151244544555,415.98960094504105,407.7046234024712,419.4062469345173,419.34780528186576,419.86996494887063,408.2331326167366,410.4405274974944,412.3135378869882,420.99850728991214,405.4377205921584,417.6269572270231,417.73340786015996,418.86843216390764,415.07291913696895,428.6197111698643,406.3784963090658,411.7599247105788,437.3627351529367,411.6253186748084,414.7654914524447,414.19265266841313,424.1484754756495,410.5980492052081,414.23045744338265,431.2532283538492,419.86738301911356,417.5148804306419,431.14661667350026,411.6791487951765,435.3507784153198,414.39914876432306,412.4742941044689,414.4179828142442,411.07887734383826,422.8216926368786,414.1636727157852,421.42637333734336,413.6138898673134,413.648440687499,413.7426026479885,426.42045358740813,411.63290943935965,410.34241103810143,428.132682426759,415.6202173918274,417.16315961358896,414.8506719975782,412.91866745077726,416.25590791857576,416.37320248540004,411.6400892429426,413.54047713686316,419.5723385852828,417.5927102988056,414.397414659886,418.42713100138974,430.648506968721,415.48609638760587,410.51423831490735,411.2448514725654,421.82248164139736,417.5440640508913,415.77772174364634,413.9234887356617,418.8222205653669,413.393474618336,422.60767042463385,417.94814875996605,411.88194020355206,405.04473156093525,411.1959498400036,421.7139836939393,400.64934248720573,411.061413156801,410.9872071476539,430.6939001821213,435.54922657693726,416.28192016462964,423.8895675733283,400.5363657650486,410.9011451913963,408.64722149951695,418.2202034027639,421.93527098331805,427.59963917438336,411.2021709488254,418.80361512529936,409.2367583903009,428.6785169530816,426.7773620719972,409.9576232351706,409.7428169307838,418.33165783520076,415.7870295288278,403.93667690696054,420.91334795846484,419.65892972986774,419.15816717904147,415.46052417597195,413.86025807608263,424.5005296366183,417.2739276647048,413.30657707787725,408.2608571926436,419.0065926691028,422.651878091892,401.07669830034126,411.8350344452397,412.0520987713357,410.4752027062154,422.1638775346985,428.26130025434003,416.77677977236715,421.3791491295017,407.8803877014825,412.38904924510337,418.6889637173267,409.39335061334816,410.534830319985,417.3893826745565,417.76251764499136,405.638677249289,415.89590650938214,396.6999195234501,415.77380260900986,412.196560749504,401.9356101850612,411.7520987186151,423.62342669185085,417.55925620973767,419.279809374341,411.1811360783132,409.6992060578727,415.95331046297866,412.96188437989906,425.0389889288329,415.0077037402238,417.6813800596812,415.5830845609586,412.4008606733778,414.80119881278637,412.1193352238015,412.476886653065,413.3291345532709,423.93648252235784,421.60178110568285,409.75421496656224,416.5007979431366,410.24579487435096,435.18168888785374,410.2875526912345,411.5702412135436,419.7408197432853,418.2212682645314,415.86280461954243,429.55415221760336,413.53056530829883,418.6421045278704,422.46602641809756,419.59636711399395,412.7952181057514,406.7157877408897,413.55720087660325,428.61208868348274,412.62386707538286,418.88490657911444,419.90264339923255,422.5237351053967,424.1168017758895,427.68593853595786,419.35368276506455,420.85156867128273,408.92055332493885,422.1112536757805,415.84987423558744,411.11733763317017,417.44147128672506,421.49985595408066,421.811685005105,424.202425391398,426.1554031422936,415.51303118548793,412.1030732747466,410.1769989991534,422.99334680876206,419.6165969153834,407.78895168296793,401.1247125244584,434.54829778278975,408.93468112115465,410.3959026381499,409.27460287639997,421.44152968011,419.19503875629863,426.35578121670784,404.79545632285965,414.86818939137305,407.0294881877022,429.20069804584244,410.6127616815252,417.6702617603957,415.2009237416232,419.6106271616923,422.71400635400823,421.1218862880795,419.203795853421,414.3445938278261,406.87585396258635,400.39030543033107,405.0964752792386,406.9709234236058,416.1230592984852,401.98530272282363,411.00790179084635,416.2336926756964,408.38167019553345,401.6511170185769,423.36162599154005,427.2097510361265,421.1816435623831,398.7471261101785,414.66337811003154,412.230526489222,414.1872562481458,410.30960109692535,423.9344241731406,417.2670663678021,409.53420702555513,418.0266820008437,421.41013146558134,424.69440785886457,415.2003268856351,417.642272563136,414.00750440721424,418.41662170075426,417.420641727873,410.6373488333298,415.68154606575337,417.3693862030802,419.54829707829015,423.2372389427705,416.7067152637718,421.56824873510385,418.86154940961757,427.5554215758905,424.50426743360237,422.73531051404143,418.05065915943965,437.2166709846039,418.488960235451,421.90595907808785,408.94429521099227,411.8682438624483,417.5031569944209,417.876540865942,409.1629480855985,407.81106695012426,420.74601337850254,410.17523977355364,412.822250850675,413.76215795531965,432.26071128030003,410.69386350960673,417.94983875880706,410.055056649075,411.8022462638448,422.0308340934946,420.7322469170879,412.206507648012,407.8300988702094,415.771812850989,408.4271603999513,418.9014552910902,426.7610119887037,407.2517921780518,423.3370407062591,411.78162375038823,415.30679437881105,419.1864402752788,421.55696665768664,413.0553496697128,445.3672541148265,416.00344325497696,416.98080950244787,419.58861970886454,407.5722076979191,423.7164848167909,414.6436555857153,415.0140858370705,412.971840915505,410.0227397765651,403.3232747543484,404.7627679435564,414.7540701905917,421.40718318910825,422.27373679480985,426.6156942221701,415.87444224595765,402.1248534730748,419.83219301176456,415.94041501409197,410.62681006621716,425.3353183027705,434.27501089769885,409.3495803225119,408.75690249870024,426.279360001476,420.98379862593737,427.492137366692,410.4226288077243,406.2578830675293,414.2133342154913,406.26096806639623,412.06918395567385,416.62391454186815,419.98414104746655,423.7158135241105,408.5266382136155,425.21893949479585,423.13791952715854,416.8959353783218,426.9865738685081,423.5576909423006,414.2505965110753,402.4709189323171,423.31024158647614,419.43799591825575,412.6799387380437,411.3436289543948,405.42575247241604,432.12791209475677,419.9081353255031,410.51308978492057,407.10413221482304,423.7502717381301,412.0981896756562,433.29924866665976,415.09739816574506,420.12554092314275,421.128024331689,416.63651460779965,414.1862809786877,418.04619010145484,415.5647002025045,412.8496945530598,431.1718449706364,428.8289110799908,430.94701005831797,414.5686203796162,412.8336896086995,405.8259551026196,407.77748608500843,404.84882664023405,410.07926231230726,420.48231357225467,407.5728255980992,423.04487392346687,422.0550784702012,430.89571181008336,406.4280378573898,419.5962156184314,416.0833551523768,422.7839420792436,420.78073381839965,415.55808067049634,417.95748076805546,401.48982879746444,417.17830179325085,407.0905468359918,419.9808278878812,419.6645436553383,417.0235782593166,419.4923985984982,416.5890123943916,412.1099529022022,409.1392531854282,418.3823294433331,419.3032240130225,420.2522309786051,408.1862291698339,419.29465266128744,407.13412633841483,416.1190405254506,410.8008912400457,422.8461545547676,411.21585440249066,411.1117842708702,408.96272326836254,412.2079831480712,417.107958343058,422.49806771599265,413.7362293700198,423.6531280252232,427.497189543403,408.5841823846061,413.351622950253,409.5168860761891,423.66207835226817,418.0923858985041,416.41426382038304,435.89435593884207,427.2895448345445,427.82947529644514,416.54205201163126,423.6482346270971,422.00511851103965,421.9700546507782,409.11045128821974,429.8490244159566,418.82187006502227,414.03711828653206,400.01936900113446,410.6171844149772,415.3744736964406,410.23413916705135,417.9719759474576,411.96567781043063,420.46675564431183,417.0946329476699,420.40948909555243,407.24555519936615,417.4636719894579,425.50851982063887,408.1030171662222,418.6292370971985,407.3877349124581,410.04341613956024,415.15035163658496,413.0347360056005,413.385512905397,424.4454438868405,416.61347053204486,405.61169269673104,422.065141855435,413.92489269756,419.0377034221288,417.7048480442211,422.45649992506884,411.32992629362565,406.32754772652123,409.51297143449983,410.92053369030964,417.0521394134006,417.2674581936368,407.0939891628026,409.4785353831088,404.56437719593674,413.7536885211111,406.14754180180887,412.35327709932864,420.41771713412896,413.31867010700915,407.5566092793579,418.20337494823616,418.73117699873137,413.4285136630102,407.04034016194794,418.66694136546823,415.7533613704491,409.16446068286035,411.2255108133187,407.6108231571181,429.1559405534648,433.51816978619644,414.8940052238827,414.49778373153106,407.76998061728796,420.05322377988625,421.75422403508895,418.4806529779354,405.4130391826695,419.7260040659677,400.4918681321257,419.5311129357709,417.18132282501546,417.609130227603,405.86581471329214,416.40383129179094,418.6130130122289,410.46717695057583,421.41991251451526,417.17078194566454,428.45056938183416,419.66267058874047,414.9212779706236,418.24097221931993,412.54691511233415,415.8733659851144,432.699630372303,414.9368599960546,401.39319190602816,422.69759752002153,422.3538364787509,405.20136397168255,436.6419205070523,426.4381836351928,416.67113017845367,433.67680930446033,416.2568304765453,414.78940445425025,414.08062079037666,414.08275598078507,399.3614961534715,416.4293033923009,419.4013893322187,410.4244776177847,426.76574014917355,416.84111267502976,408.9971672574942,421.1760572407884,416.01045396721474,410.0490270266735,417.0513006646446,401.7005548698833,407.17336835943934,416.82404669606194,411.34331161250975,416.343215674892,406.45155022011164,408.88318061535034,414.4066552286954,413.75936628448875,421.71797895469405,412.08515612650086,431.088954622632,403.40187062276783,413.53194330461207,417.76286846738356,410.869380213913,423.12024491917754,410.0155738316941,423.03666162549933,415.25990480634766,422.0983344668699,409.107383124517,428.2220755637407,412.31044628020743,421.41447144194706,429.77697120067796,418.2091522297535,429.2279254225486,414.58179103789087,406.46592490115927,419.5253433550255,411.73172138120185,421.9658766183772,425.6774768142065,400.68460420855223,412.9541985271025,411.3234508922737,393.29399187983915,409.6444178104559,412.57559046471795,403.38025222252526,425.4586994891122,416.68806871364677,405.9109920746621,407.722064080054,428.93262414849613,416.01859330436486,413.5545504036585,399.486116479797,416.5691078031835,406.19999015121493,418.5142664501154,416.4732207520601,422.7047058993313,414.5786511385171,424.7823991317535,414.5882092805499,410.9679668283438,406.5495089636376,422.3768337565141,407.9406548863526,423.3590199903606,426.0975564238027,417.5257363169167,420.5036448125791,397.74569093397986,414.6240056724398,407.37463258211733,416.9459601504903,401.56874256695346,423.37232519632346,418.3195367896702,412.03945991667126,423.58534678457454,418.2748803583674,410.0388519012249,435.1243748469403,409.66391395372216,415.2908974860859,415.573428277541,405.5804366148086,421.867002263127,405.2778006926638,408.94105456314105,418.46444732807254,413.0137565202163,421.30296431507895,407.8726940978212,414.63226512641376,401.0716285214494,413.715216778252,410.34138674310054,405.4663705912105,427.4088564914937,414.6618959691905,424.94487963768364,409.1184750667788,420.81104462349003,402.59279334935854,419.6092198206791,416.3572890358264,413.25368886274595,427.0627986338503,414.81853451236543,408.8959221537814,423.01750231365656,412.27600167302995,397.4146076622363,421.88741106200774,409.96267220471066,416.9871834247061,411.21994885969593,424.874595809418,412.33921306548973,407.62702950557406,408.2949000745796,409.7136467741679,429.222380587672,415.37695078859724,421.56137461666356,407.8660883076229,425.19824190413095,422.5272358178123,415.341935364429,419.3841505367441,402.072328234315,425.91458577281895,403.4513565661167,413.80232952410546,408.13023813408836,410.5129652065633,415.5606883618596,394.8131941668128,431.8404892660429,421.7482339605191,428.8661912452782,410.78418995995054,413.61565897061575,414.82724677209103,427.5874748404692,416.9135043804043,414.92214573732986,407.6595424187079,414.2090500079274,407.9560145507317,411.5335873267609,435.3697927792406,421.6582414515909,418.33343810227416,410.83589392872426,411.1081913819135,422.96977712672157,423.0803431936624,430.0741522277813,423.5113180755156,420.89512097394766,396.1769656825783,413.85951789125266,413.11531442983573,419.12505103286003,423.1082531173264,426.8999204834271,407.5211412279318,417.39740835526123,413.37901145608873,417.25167456911385,402.7281231891468,410.5601903916398,425.87490204119877,426.2295598046668,416.6530626744701,417.0902295687021,411.0852619863172,407.9140928077127,407.4788982317199,419.10496972400733,429.9458880421647,447.77421890617364,416.0832400544676,408.59378487772733,424.17189113426116,420.70402463993895,405.85660033970123,406.59115814428145,415.4430190143048,427.0841961799599,432.9578840319251,432.9339871986168,426.0874889021887,438.2151254714008,416.7773139031258,409.4249874594671,422.48316729939586,413.2454139784505,405.2122615345692,422.91915662240564,424.48429406016555,403.3744718887253,417.71880022179806,413.28269954221423,423.84007779444414,395.98170039338316,414.2610817247495,406.92660113089653,419.9317985464611,403.2964079575953,425.2770115522857,396.92994028011185,416.7335458391951,424.7414708992469,416.1706554170829,421.14680384709595,421.2078854151834,424.19963766002894,412.33073500881073,408.06398535105933,409.33812153367654,411.2258806838121,429.87850699028695,425.5914438850042,409.2949563424075,424.7384559928473,400.8434102125351,405.16781802743753,425.9583854154558,416.5245694248286,422.4603049086341,410.7389761256296,416.13557112660726,414.3046834658318,418.3707161801536,419.2771024391962,412.2710255026341,414.81651503401946,420.5787028935989,423.63035995109976,410.21893313030307,431.9961140848442,430.81169482172567,417.5506018119736,415.4392556298061,417.3779299536132,416.25674270838664,410.7807329727432,416.3115856418425,411.3089728209099,413.6348566857696,414.7270826014258,412.3171436345131,422.77955495604385,395.0193933550827,423.8012112973244,425.94007070120216,415.3012736357139,412.54005432304115,406.5419004657505,415.70254990114495,418.79738995710153,417.739455845114,426.57959919759315,403.3164438372013,420.19353239831037,413.9312903506958,404.656838164844,417.6873766684937,413.4643924914506,406.8148455460375,407.6583343109407,410.07898323275964,413.390996277602,414.940492110555,418.1374660591914,418.09687469841543,423.86054308767905,416.06889484302036,405.78901608323054,411.2492029581105,408.3136219587319,434.25383768406994,407.64787664004473,416.99581635947357,413.62167763459803,404.204226163003,418.7775031021356,413.87746420327346,421.2016565430039,427.7183027776992,426.7825246655776,421.6329052104929,417.61370637516114,421.44243928645886,422.81091243565766,414.27441401012123,414.9500683093319,411.55757806049525,433.5812068785437,426.56574963068704,434.42941305765424,408.1929592355395,407.4171224434145,410.60276104465,419.38528817623336,417.69715867258196,427.36647706358366,421.28044415939627,411.7664233749751,420.15757779541343,409.6013326402212,413.3754916534931,426.393146665315,413.3402677832503,423.22941606990355,422.7059691352213,408.9095979625526,400.45398031254376,415.4182261398218,415.87780973963834,413.74709101431665,415.4346665744186,419.9833992481196,415.3041177271504,408.99439882018925,404.0557204602317,415.63486830291833,411.98737443590625,411.5445954437093,421.6519502814338,404.6489282710487,410.9037849909468,414.35076004433614,412.14178883479553,414.80889504303303,421.0185349135068,418.9359617473618,416.8833554708935,415.97748240272955,423.6262724130961,408.326180236021,413.96428401725365,413.7796395406564,419.21481246498394,406.8954170245835,425.508160707976,408.95771941552545,409.33117680752446,430.47590747584763,415.7819444491541,412.52381001056784,410.81326333839183,407.47974494824285,422.63255194821403,417.2290834957539,426.1375743189816,420.04496546721003,404.3335864769554,417.9482640663549,426.6510600524644,423.05049933288194,400.37047919368814,410.5312493031864,412.7633021921037,427.50680600144955,410.4628566007334,424.5113509348327,419.2300495859077,417.82641947485575,413.523586828315,411.66465466868993,405.2122486248701,400.8434284549236,411.99901837241833,419.227509543366,423.21196603054887,419.6232823016046,406.2150226832602,414.5100397483674,427.89657406574395,437.9567914527109,408.6966458769406,417.7092639624967,426.12608552098675,405.3301857198081,406.6385356822979,418.20310144877675,411.7839187283862,410.17068991987213,406.7432693915023,406.6877428929564,420.01575733177987,434.4181895944759,422.4306525373475,414.58293885075244,415.5310178147202,403.90233027944424,418.0105794143037,415.68327153369586,423.09819548148346,393.60284857369294,408.25704548333056,411.8717936641733,410.7300604416378,407.1968930021727,419.6580074952187,417.32610391927705,401.4460176846825,415.98143807357553,422.1615271204684,425.96611628276,419.1617248247725,413.67126755342997,420.62760317341105,405.26092615798757,407.2910529065348,411.4268083843505,397.8260881987577,417.59492206029427,414.5448247767407,425.5381732794422,421.9533318699922,410.57157280704934,418.96891810044605,411.63864110270896,422.3698324626166,420.0075098579841,405.2490578450033,422.19922711146324,406.3665855681013,419.77611974381995,403.76542685310824,421.57270044749873,418.535579970246,425.9821895995683,413.5973556686088,419.80538908304317,422.1779015904324,418.310909419478,422.25860208864697
expected_returns,420.1388888888916,421.8327200892682,421.8327200892682,420.1388888888916,419.45319764615766,404.3441180254811,440.6068964953598,426.98578188856237,428.1552410311145,409.13718174932865,418.5188172192704,423.06560510921724,411.74569362540245,456.88370923269133,458.43694057157205,456.7186432349844,449.00355657974495,447.0137845743342,449.5091769085791,444.35019088532226,446.5164372831351,438.86892865816947,460.19061230213043,445.79518813756494,461.4411928304066,449.1925064467679,474.91176002196596,474.91176002196596,430.4131514198052,435.4505905352197,409.5624494671078,432.4693997305397,438.07656954087366,430.1730231296433,407.27574314489505,397.74818628282054,430.8661614491299,405.98387032045133,395.7608330443075,441.5973204237708,404.8935106943493,398.6846674681413,422.23767091618004,430.43982526211425,361.294963174571,402.7938058788719,396.5642635377486,377.5976142002599,381.0177373281576,389.73294080533117,390.72335380097843,379.1850757958405,350.45971209261387,402.79290713634964,385.42662095584916,409.30338810276606,333.90019442764213,325.6679065005357,327.86282442552925,362.6293912241115,346.43269281289645,358.32881759869343,369.45121304670363,375.82429605402785,375.82429605402785,339.94899930038775,352.09295505608554,377.3728168607582,348.1476444129301,348.1476444129301,364.9886812975593,377.409620799704,348.88701889548116,312.57997889070145,316.5424063506298,366.44728783492025,366.44728783492025,311.313367639914,318.40183589512463,356.4547946267797,322.1479088404636,368.6386980261688,353.06217799531225,351.996364039763,344.290082381312,347.9620339387337,353.06921453414617,344.470012145711,328.98190458914354,356.4098904698811,335.7007773282037,322.11056807233075,324.49888801632085,334.4374368484383,311.09124458779286,344.5632545946951,355.5500883461271,333.4648732841225,374.60299953422907,320.30281331917877,308.06762384422194,305.8568740385634,305.8568740385634,302.1628555554397,308.06762384422194,307.1399219675224,280.5096683994356,323.5720344312667,310.7090122574126,327.82656595100605,329.15173564332457,321.4542630108844,303.0514079833019,312.3129016012575,321.81245325147853,319.7898403510724,304.44014084456745,312.5086593433814,318.41347520875223,298.851508154686,252.5638910187309,312.5361093971765,251.28874982406833,262.2199078527421,261.6769245021143,258.76592676644174,248.7919381827479,252.33177580426138,262.0548448848518,222.57287339758457,216.90413760760623,243.1347097290551,233.4315678556542,205.03090628621592,233.4315678556542,206.3190577556323,206.3190577556323,217.06787440482609,206.7577370662872,195.81181918231945,191.89091199703188,176.53288100991153,205.03005289438,200.3453647575673,158.99275526016132,159.4000281417444,148.41830436796275,181.30705392832652,197.0631792791452,192.94063048381318,185.8749922543162,146.7435519792455,145.89455665720877,143.86547220785255,141.0546475832005,169.2108802535214,206.15840725483483,148.90515003397496,148.90515003397496,128.87751590793118,157.63005738462402,167.91843289526363,120.54810415886686,109.90848298101417,111.0794007646245,95.65754239925178,105.14060759826259,105.14060759826259,107.49655797379145,84.47855843595092,84.47855843595092,102.46572134303813,94.99776021563436,102.46572134303813,80.95897532041312,99.33304888324076,99.33304888324076,104.48867609300719,104.50379917231952,120.49658331946458,76.06050623432526,90.77770570775225,81.30006042271108,69.63630193217973,97.2942979056942,67.19549143769115,94.73434707663772,55.13249746204323,61.42029854241074,68.7134028052974,55.86289140341819,31.4289928387161,40.92964593875014,10.644025953819504,10.781299580862992,18.99887987446613,7.310790259522709,18.34113366374357,12.981314775940506,5.455551480022164,0.0,0.0,0.0,0.0,0.0,6.176175457207261,0.0,0.0,1.0479769626028494,0.0,0.0,0.0,4.943903120797654,4.943903120797654,0.0,4.943903120797654,0.0,15.51031428198389,0.0,0.0,0.0,11.214702198869409,0.0,0.0,0.0,0.0,0.0,6.855519254563272,0.0,0.0,0.0,1.5243547767568384,0.0,1.9691124265349602,0.0,0.0,0.0,0.0,8.692163296606498,10.75006198547315,0.0,0.0,16.976035265189182,0.0,0.0,1.683055574614409,1.683055574614409,1.683055574614409,0.0,0.0,5.7466392135045705,5.7466392135045705,0.0,0.0,2.7987109082635073,9.82166519976082,4.78378418258877,2.7987109082635073,0.9580753823184807,0.0,2.2772385999467355,8.795503465784464,0.0,2.0865968502802406,0.0,0.0,0.0,0.0,0.0,0.0,0.0,0.0,0.0,0.0,3.5480530136173534,0.0,0.0,10.71727649209878,0.0,0.0,0.0,3.2850036235025453,5.02761088560603,0.0,0.0,0.0,5.8911156392563075,0.0,1.1999494804019095,0.0,0.0,0.0,0.0,0.0,0.0,0.0,0.0,2.276665634078661,3.8315021564240155,0.0,0.059554440789214014,0.0,15.860217208199456,0.7278485334477685,0.0,2.1151416470449624,1.803472261388021,16.994113748057924,7.747716023945724,0.0,0.0,0.0,0.0,0.0,0.0,0.0,0.0,2.272223242632304,2.5103015673966116,0.23898926635223258,0.0,0.0,0.0,0.0,0.0,1.2001757400442181,0.5706475055112754,3.4535478354817233,0.0,5.793661704144926,4.576830794792972,4.986756460279382,0.0,12.130972118319624,0.0,1.643957890829785,0.0,0.0,0.0,0.0,0.0,3.0056359744523826,0.0,2.0907780588616998,2.0907780588616998,0.0,0.0,8.095285035950422,4.86551806817752,0.0,1.5808800771652023,0.0,0.0,0.0,0.0,0.0,4.36199432812679,0.5151065650063626,0.0,2.7547563819368603,0.0,0.0,1.5693745619747483,0.0,0.0,0.0,0.0,3.930052863678007,0.0,0.0,0.0,0.5672003566746817,0.0,1.726917068938488,1.726917068938488,0.0,0.3371680616765751,0.0,0.0,0.0,0.5189573464202959,0.0,5.573681359258251,0.0,0.0,0.0,3.191281341726895,0.0,0.0,0.0,0.0,0.0,5.996655092371018,0.0,0.0,0.0,18.615980682862663,0.0,1.3273316962273447,0.0,3.6086953997893954,0.0,0.0,0.0,0.0,0.0,0.0,0.0,0.0,0.0,0.011907817507459246,1.9643848694662258,7.805394799185263,0.0,0.0,0.0,1.8886103071606204,0.0,0.0,0.0,0.0,7.957200934060916,0.0,0.0,0.0,0.0,16.452795477541784,0.0,0.0,0.0,0.0,0.0,1.8004319579475854,10.619016757984282,9.967624267570942,0.0,11.855518035503295,0.0,0.0,0.0,0.0,5.192721048406953,0.0,0.0,0.0,0.0,0.0,0.0,0.0,0.0,1.8471638588964028,0.0,0.0,6.790584818695109,0.0,6.216208495783362,5.082970318899083,0.0,0.0,0.0,0.0,0.0,1.178859930978542,0.0,0.0,13.40622240817293,0.0,0.0,0.0,0.0,6.42774115344452,16.216730621457266,11.030509619870546,0.0,4.917256250614073,0.0,0.0,0.0,0.0,0.0,8.308954547086797,5.820857471000486,0.0,10.47254573685485,0.15590630186324259,0.0,0.0,0.0,1.1219517667826633,0.0,0.0,4.7212309624302415,0.0,1.9490587500168606,0.0,0.0,0.0,0.0,0.0,0.0,0.0,0.0,0.0,0.0,1.8189329756085921,0.0,0.0,2.9810915763323407,0.0,2.684468218494903,0.0,0.0,0.0,0.0,2.219038532436679,0.0,2.21488214289818,5.519979801364498,0.0,0.0,0.0,0.0,0.0,0.0,0.0,0.0,0.0,0.43632785445475275,6.902994440618633,0.0,0.5812702755038414,0.0,0.0,0.43632785445475275,7.285861479307978,6.428997632092716,0.0,0.0,0.0,0.0,0.0,0.0,0.0,0.0,0.6705711092984513,6.71597891636354,0.0,1.7476689633214841,7.522317648855267,0.0,0.0,0.0,0.7088637606216854,16.134982709777425,0.0,0.0,0.0,0.0,0.0,0.0,0.0,0.0,0.0,0.0,0.0,0.0,0.0,0.44375426528117656,1.8277767143266348,0.0,0.0,13.308620172324595,0.0,0.0,0.0,0.0,0.0,0.7557471061169448,0.0,0.0,0.0,0.0,0.0,0.0,0.0,0.0,0.0,2.4194586256299675,0.48105785849492305,0.0,1.3587773647191896,5.431634984837517,0.0,0.0,0.0,0.8677150076488218,0.0,1.8007125266461828,0.0,0.0,0.010287137653332506,0.0,0.0,3.5177749829000016,3.5177749829000016,7.605648670864167,0.0,5.55978352773247,0.0,0.28709034467352584,0.28709034467352584,0.0,0.0,2.861000634683963,0.0,0.0,3.062961181140297,0.9802104055184062,2.004662709767028,0.0,1.094921728343917,0.0,1.6236627582168743,0.6859284165582399,0.0,0.0,0.0,1.6236627582168743,7.30447928338671,0.0,3.9284500175571218,0.0,0.0,0.0,0.0,0.0,0.0,1.6421183519833686,0.0,0.0,0.0,0.0,0.0,0.0,0.0,2.8731522320745104,2.8731522320745104,0.0,0.2899177542428194,0.0249490883654363,0.0,1.9737839991304895,4.434140634912927,6.065022126984623,8.02884142140967,0.0,3.187822406830362,3.187822406830362,2.4705552205349255,0.0,0.0,8.073959441702097,0.0,0.0,0.0,2.5418125941986967,0.0,0.0,0.0,9.571606811813217,0.0,2.4856579059308745,11.219630229438721,0.0,0.0,11.274820767277953,3.1428226949627267,2.8533061297976214,0.0,0.8626174868904063,0.0,0.0,0.0,0.0,0.0,0.0,1.2739788304183175,1.2739788304183175,9.023858611397962,8.989476621336738,11.764239831613313,8.020239879921654,2.7403751176488016,1.1076284804444383,0.06397435361820533,6.597103845633761,0.0,5.825611229393414,0.0,0.0,12.695595126542294,3.4333027383697106,0.0,0.0,3.4232662054037566,7.122810815376265,0.0,7.122810815376265,0.0,0.0,4.423196716409941,0.0,0.9231052536819433,0.0,6.229489462578551,0.0,6.335526678375276,4.3848233683706805,0.0,0.0,0.0,0.0,0.0,1.9228591001448587,0.0,5.851723144415868,0.0,0.0,0.0,0.0,12.38474690428809,0.0,9.555726885280503,1.9974343975464683,5.145124437747654,1.319097005165281,7.683337644117046,3.873695828921221,7.683337644117046,0.0,0.0,1.2763460702251705,6.863175195315806,7.456739975880321,2.919148503586677,6.05074377269268,6.149502773040295,6.05074377269268,0.08843559254832772,1.2612590149927023,0.0,0.0,0.08843559254832772,0.0,8.848217129488013,0.0,1.019157934336113,3.5099182160010347,10.953446519161362,0.0,0.0,0.0,3.693260266562722,1.3207822624120291,0.0,0.0,0.0,0.0,0.0,4.476669532756932,0.0,0.0,0.0,0.0,0.0,0.0,0.0,0.0,0.01388324034153693,0.0,0.0,0.0,17.570388943325575,0.0,0.0,0.0,2.011326181192115,0.0,6.14642153436392,0.0,0.0,0.0,0.0,0.0,0.0,0.0,0.0,2.112473423490312,0.0,0.0,0.0,0.0,10.508052325818188,0.0,0.0,0.0,0.0,0.0,14.384321696693545,0.0,4.07953232251217,0.0,0.0,0.0,0.0,0.0,4.66865691781328,0.1597317274339616,7.110832002743695,0.0,0.0,0.0,6.854019284166017,0.0,2.5307309713278334,0.0,0.0,0.0,0.0,0.0,0.0,0.0,0.0,0.0,0.0,0.0,0.0,0.07705751500717326,0.8682377537813506,0.12811763734776607,0.0,0.0,0.07705751500717326,0.12811763734776607,0.0,19.954930751271224,0.0,0.0,5.0249676915387465,6.568776906616206,0.820714429268252,1.6331407686752288,0.0,0.04913433747874052,3.1076375301358405,0.04913433747874052,0.0,0.0,3.2416965913895877,0.820714429268252,0.0,5.917634271672321,0.0,0.0,0.0,0.0,0.0,0.0,0.0,0.0,0.0,0.0,0.2968307799553783,3.9517113522996676,2.239651564963944,0.0,3.314430572799366,0.0,0.0,0.0,1.6372005111957495,0.0,4.759801833311993,0.0,1.4808374143024823,0.0,0.0,1.4058275079481588,0.030528879503837394,0.0,0.0,5.416169848621978,0.0,0.0,4.211409874796482,0.0,8.103347758012692,0.0,0.0,0.0,11.02382245484662,0.0,0.0,0.0,0.0,0.0,1.1518184685965887,9.981854614712269,0.0,0.0,7.364187617928835,0.0,13.956700896727405,2.6584655511538453,0.0,0.0,0.0,0.0,0.0,0.0,0.0,0.0,0.0,0.0,0.0,0.0,0.0,0.0,1.4385498559493506,5.010955576443818,2.8586796303011113,2.8586796303011113,0.0,0.0,0.0,0.0,2.3235763608407773,0.0,4.32052159824761,0.0,0.0,0.0,0.0,6.305373648334852,0.0,7.169712039114733,0.0,0.0,0.016741985307485358,0.0,0.0,0.866047934218537,0.0,0.0,0.0,0.0,6.212097488654113,0.0,26.79642531378067,0.0,0.0,0.0,0.0,0.0,0.0,0.0,0.0,0.0,0.0,6.950673454950727,2.9023346379778943,4.245182580073761,3.0547134404753664,0.8837696414305855,0.0,3.412242496901602,0.0,5.72346149027137,0.0,0.0,0.0,6.8296034946373725,0.0,7.053665688605391,0.0,0.0,0.0,16.023733688558615,0.0,0.0,0.0,0.0,0.0,0.0,7.265624298122073,0.0,0.0,0.0,0.0,10.911268521873438,0.0,0.0,0.0,0.6739801386740456,0.0,0.0,0.0,0.0,0.0,0.0,8.554164416791545,0.0,1.6341259631596297,0.0,8.125418980142477,3.7067378143471537,12.132083121528531,12.132083121528531,10.252578802577604,0.0,10.168709069539023,2.7043394598751043,0.0,0.0,0.0,0.0,0.0,0.0,9.354857513245904,0.0,0.0,3.8113923168581723,0.0,1.1255842065380122,0.0,0.0,0.0,0.0,5.169011087031981,0.0,2.4351255054090357,0.0,0.0,0.0,2.6244263971424022,0.0,0.39976912719240365,0.0,4.632703792434015,0.0,0.0,0.0,0.0,0.0,0.6434296661958055,0.0,1.5803580012424425,0.0,0.0,0.0,0.0,1.0760048802440092,6.023946697696497,8.780751662381094,0.0,0.0,0.0,4.2599806625454235,0.0,0.0,0.0,0.0,0.0,0.0,0.0,0.49950095446286097,1.265943182915089,0.0,0.0,0.0,0.0,0.0,1.1386950203756234,0.0,0.0,0.0,0.0,0.0,0.0,5.32933002010713,0.0,0.0,1.634895627906798,0.0,14.413491621903525,0.0,0.0,5.514245604755979,0.0,0.0,0.0,3.5629700656387806,0.0,0.0,0.0,2.417697261071262,0.0,3.2215837339233206,4.5427965249112985,22.577913947845847,1.5268758482667377,0.0,3.9762911170667072,0.0,0.0,0.0,0.0,0.0,0.9842095309439477,0.9978650476247086,0.0,0.0,5.500207128739803,0.0,0.0,0.9982320722703137,0.0,0.0,0.0,0.0,7.237598719866904,0.0,0.0,0.0,0.0,0.0,0.0,2.166853633059878,0.0,0.0,2.5832737145860873,2.5832737145860873,0.0,0.0,0.0,0.0,3.329031882699472,0.0,0.0,1.4009947399244127,0.0,0.0,0.0,10.7633823192471,0.0,0.0,0.0,0.0,0.0,0.0,0.0,0.0,0.0,0.0,0.0,0.0,0.0,4.779506105503195,4.779506105503195,0.0,1.1516012771425583,0.0,4.247696293867829,0.0,0.0,9.882774348433626,0.0,2.11813669982822,1.585826390120265,0.0,6.647973893840105,2.598149629224869,9.466304961488564,0.0,5.506516998702661,3.382542649254661,0.0,0.6112528149063903,12.074974148256953,4.704976627210825,0.0,0.0,0.0,0.0,0.0,0.0,0.0,2.165201624125458,0.0,0.0,0.0,1.1451843692563313,0.5669042542054981,2.6908888958873076,0.0,0.5669042542054981,0.6436370004598624,0.0,0.0,2.5690166729754065,0.0,0.0,7.48940234474233,1.8315880267323645,10.92549745330442,4.636415679080817,16.72503420979772,0.0,0.0,0.0,0.0,0.0,0.0,2.158135851374202,0.0,0.0,0.0,0.0,0.0,0.0,0.0,2.7061466868764255,3.8524714084800964,0.0,0.0,0.0,6.806495809739932,4.614962493845805,0.0,0.0,0.0,2.113246868577942,9.639572299312997,0.08699421376453974,0.0,0.0,0.0,0.0,0.0,0.0,0.0,0.0,0.0,0.0,0.07527181459446082,0.0,0.0,1.6033141156519863,0.0,0.0,8.1742352896884,3.0493465172450565,0.0,12.365927918091167,0.0,0.0,0.0,0.0,0.0,2.6161128975286045,0.0,7.059051313521715,5.195162889294055,0.0,0.0,0.0,0.0,0.0,0.0,0.0,0.0,0.0,0.0,4.57095188926709,4.054096163603839,0.0,0.0,0.0,0.0,0.0,0.0,0.0,7.054789199003655,4.40305076449204,0.0,0.0,0.05532547175900546,6.2997808466866365,0.0,0.41594172830572745,7.366144998073921,0.0,15.291529429756913,4.327745012105353,0.0,0.0,0.0,0.0,5.802573803677095,9.521675957121348,0.0,0.0,0.0,0.0,0.0,11.75503525182408,0.0,0.0,13.220306282149016,0.0,6.40340123011243,0.0,0.0,2.2027977964519794,0.0,11.84927313493613,0.0,0.0,0.0,0.0,0.0,0.0,2.5215278005535167,0.0,10.620096074607837,0.0,0.10206811447949357,0.0,0.10206811447949357,0.0,0.0,0.0,2.220676531366983,3.031995339423183,2.121312255772456,0.0,0.3720679891673351,0.0,0.0,0.0,0.0,2.588980523245779,0.0,0.0,0.0,0.0,0.0,0.0,0.0,13.915326592391658,0.6878211662066205,6.160063489003083,3.4913431083781443,2.995924805343046,0.0,3.4200846090608654,7.330663647688384,0.0,0.0,0.0,0.0,0.0,0.0,0.0,0.0,0.0,0.0,0.0,0.0,4.49337559129142,0.0,0.0,0.9800698776006734,3.5849414335721734,0.0,7.018286879170235,0.0,0.0,0.0,0.0,0.0,0.0,0.0,0.0,0.0,0.0,0.0,0.0,0.0,0.0,0.0,14.431470138257577,0.0,0.0,0.0,0.0,0.0,0.0,0.928241923454971,18.23923276530669,0.0,8.102947340496321,0.0,1.0125299296392547,0.0,0.7919777291969676,7.527121782595713,0.7919777291969676,10.2223065362821,3.802890091604809,3.3045796082559207,13.949786409766837,0.0,11.194110343867013,0.0,0.1542126048146529,3.247178924238602,0.0,0.0,0.0,0.0,0.0,0.0,0.0,0.0,0.0,2.474203713408782,0.0,0.0,0.742991644031503,4.141201379098835,0.0,0.0,0.0,0.0,0.0,0.0,0.0,0.0,15.258743064113196,12.518872945456769,1.3527849147941393,0.0,0.0,12.938922198153055,6.550261423887449,0.0,2.277004091872309,0.8081338486374778,4.690115684526887,0.0,0.0,8.09879740793108,4.780842638605009,0.0,0.0,0.0,9.317008163591664,0.0,0.0,0.0,0.0,15.320129233878738,0.0,0.0,0.0,0.0,14.261496873592508,5.465949948924699,5.590107996809676,0.0,9.150379384241505,0.0,0.0,0.0,0.0,0.0,0.0,0.0,0.0,1.494683072305693,0.0,0.0,0.0,0.0,7.3144979645883,0.0,0.0,3.89588765989752,0.0,4.694964620950149,7.615200533359981,0.0,0.0,0.0,0.0,0.0,5.081040998810406,0.0,0.0,0.0,0.0,4.871169741944941,0.0,2.953300826930777,14.189043841565148,0.0,2.953300826930777,0.0,6.1498488460935,0.0,3.1000591689775026,0.0,0.0,0.0,0.16417002087488125,7.989502651729275,0.0,0.0,0.0,6.132894781142213,0.7702619191580684,0.0,0.7702619191580684,7.0799719341086895,10.822275983650824,0.0,0.0,0.0,1.4823245852268168,0.0,0.0,0.0,19.901017303869253,0.0,0.0,0.0,0.5144682862227093,4.047787612135043,0.0,0.0,0.0,5.307319750723053,0.0,4.637011696594026,0.0,0.0,0.0,0.0,10.817879840013742,1.0083954623626394,22.332366522767128,0.0,0.4594393864873965,0.13435404129974052,0.0,0.13435404129974052,7.6608256446805445,0.0,0.27372131018727625,14.195910830249593,8.357922291450084,0.0,1.8488010395294705,0.0,0.0,0.0,0.0,1.3746292790373693,0.0,0.0,0.0,0.0,0.0,1.8544665579256565,0.0,11.600834486359325,0.0,0.0,0.0,0.0,4.136741742254023,0.0,0.0,0.0,20.217442525775876,0.0,11.318655113661436,0.0,3.7354264952684666,0.0,0.0,17.058332157248444,11.717979676957851,0.0,3.6759578906499804,3.6759578906499804,0.0,6.152060983937821,0.0,0.0,9.715625011055929,0.0,0.0,10.13498677009263,10.13498677009263,0.0,0.0,0.0,0.0,0.56153665170831,0.0,0.0,0.7362858884202858,0.0,3.2170461338229313,0.0,0.0,0.0,0.0,0.0,8.692204831445123,0.3761677668161975,9.026740797496204,0.8361911334678382,0.0,0.0,0.0,0.0,0.12832491322373651,0.0,0.0,0.0,5.940915265523984,1.7301660411325697,0.0,0.0,0.0,8.051804270601778,0.0,0.0,13.678903010436366,0.0,5.611483475551369,0.0,0.0,0.0,1.342348703208642,0.0,0.0,0.0,0.0,0.0,0.0,0.0,0.0,0.0,0.0,7.7172171544525305,0.0,1.7061497164825945,1.7061497164825945,2.602865411494279,6.130486456030735,0.0,0.0,0.0,7.184974134237796,0.0,0.0,0.5700632922359832,3.720755300879567,0.0,0.0,0.0,0.0,0.0,0.0,0.0,0.8293993810275146,0.0,0.0,0.0,10.527146515388834,0.0,0.0,0.0,0.0,0.0,0.0,0.0,0.0,0.0,0.0,0.0,0.0,22.786214927609507,16.235979620323278,0.0,0.0,0.0,2.232440190441284,1.9744511439258872,2.232440190441284,0.0,13.779986487819937,0.0,0.0,0.0,2.7414267978929123,0.0,0.0,0.0,0.0,0.0,4.698808425088371,3.491715104792325,0.0,0.0,0.2571552763495575,0.4800367950493767,0.0,0.4800367950493767,1.4601394443177769,0.0,0.0,9.244577273449131,0.8625586774122579,22.503350186815737,0.0,0.0,0.0,6.159513262148055,0.0,0.0,5.739853155918185,0.0,0.0,7.407076895284009,0.0,0.0,0.0,0.0,0.0,0.0,2.836743904090474,2.904723729261369,5.177557785615266,0.0,0.0,0.0,0.0,7.458156840874429,14.714504508073562,0.0,0.0,4.9854597113535375,0.0,5.3685454211291175,0.5906702828338946,0.0,8.744716783231171,0.0,2.0586798366053305,0.0,11.809224021783542,0.0,7.95239773103099,0.0,0.0,0.0,0.0,0.0,0.0,0.0,0.0,0.9890398588769184,0.0,16.734283098634815,0.0,0.0,0.0,0.0,0.0,0.0,0.0,0.0,0.0,6.011767653075119,1.4092017283767746,3.600760492871125,0.0,0.0,4.1642522969256,0.0,0.0,4.1642522969256,0.0,0.20203866809124885,0.0,4.098091908296354,0.0,0.0,0.0,6.424401395819435,4.648158100047336,11.517693840402485,0.0,0.0,0.0,0.0,2.998778377966061,11.336677451783205,6.348209552902615,15.214428464877544,0.0,0.0,3.0789374491296932,13.281137962554407,0.0,0.0,4.716566383341743,3.5095847646857052,0.0,0.0,0.0,0.0,0.8512799163224473,0.0,2.4834897157604443,12.92390219709582,9.363496239554543,3.5140142422437246,0.35936799915315587,7.1774341775604436,0.7170139256934239,0.0,0.0,0.0,1.476515676734586,0.0,0.0,2.9562789398017806,0.0,5.540112673459784,0.0,0.0,2.195425922894824,0.0,0.0,1.119985225115337,0.0,0.0,0.0,0.0,0.0,0.0,0.0,0.0,0.0,0.8017730917373052,0.0,2.4885715191415017,7.810719922623713,4.699581868613112,0.0,0.0,0.0,0.0,4.747257968164649,4.747257968164649,2.931321883972842,10.12103929601462,0.0,9.14629373127495,0.0,0.0,13.56228688252918,3.2363191914465492,0.0,0.0,0.0,7.305347072394483,0.29551235106047347,0.0,0.0,0.0,0.0,0.0,0.0,0.0,6.067697612311269,0.0,0.0,0.9522207724239201,3.6071455913016477,2.257017840046641,0.0,0.0,0.0,0.10118795508806219,2.460482288388429,10.813377334625825,0.0,0.0,0.0,6.8881518562564885,0.0,2.9148217621839825,4.2264541336369135,0.0,0.0,0.5514919604109426,0.0,0.5514919604109426,5.15154684736005,0.0,0.09529556831029225,0.0,2.155024143848154,0.8240869504034977,2.1507549588295576,6.76456496587717,0.0,1.6473461460142742,6.08124837515729,0.0,0.0,0.0,0.4799895194368063,4.6836244478612175,7.250128402456902,0.0,0.0,0.0,0.0,0.0,0.10321611932381333,0.0,2.499082624044948,2.499082624044948,2.360147220268596,0.0,0.0,0.0,0.7230766607407062,0.0,6.823262393835446,0.0,0.0,0.0,0.0,7.813727152494248,0.0,0.0,0.0,7.142124572383382,4.887087842767902,0.0,8.09149057966686,0.0,0.0,0.0,9.081421787943945,0.705924520231925,0.0,0.0,0.0,0.0,7.923851613974666,0.0,5.765821129801015,5.568257122845088,0.0,0.0,0.0,0.0,0.0,4.563921568917087,0.0,0.0,0.9050059391624368,0.0,2.261405410147508,0.0,0.0,0.0,0.0,0.0,8.690066897784313,1.2526425653769058,5.17328031446131,2.4004382197727305,1.2526425653769058,1.2526425653769058,0.0,0.0,0.0,0.0,0.0,0.0,0.0,0.0,0.0,13.099425373764065,0.0,2.3101716412554723,0.9471148870314589,0.0,0.1535300678854558,0.0,1.1676293790051957,0.0,0.0,4.361291120337757,0.0,2.2739204050303083,0.0,0.0,0.0,1.4508426666143646,0.0,0.0,3.3221180350851442,0.0,0.0,0.0,0.0,9.820389494711339,1.5756329747907984,0.0,0.0,0.0,0.7370060397926956,0.0,12.678807221054278,6.6171107930118,0.0,0.0,6.960622662558782,14.200647555474264,6.085893710731023,5.20266863413894,1.7118864336569133,1.811643234787178,2.602531312216096,0.0,0.0,0.0,1.8753781769045015,0.0,0.0,0.0,0.0,5.316397665087544,7.303291919570542,0.0,0.0,10.079695750415015,0.0,0.0,0.4560861539525213,3.203149401470732,0.4560861539525213,0.4560861539525213,0.0,0.0,0.0,0.0,2.5978742387000935,4.169865258021506,0.0,0.0,0.0,0.0,0.0,0.0,0.0,6.293553202634758,0.0,0.0,0.8434666944400002,4.099044387827153,11.258120956329233,3.957215319846255,0.0,0.0,0.0,0.0,0.0,0.0,0.0,0.0,0.0,0.0,4.594152071040635,0.0,0.0,0.0,0.0,0.0,0.0,0.02594435417912906,0.0,1.9275710487284905,0.0,0.0,0.0,1.798989921817934,0.0,0.0,0.0,0.0,0.0,9.434296746126874,0.0,0.0,0.9609527565780007,3.697411277875407,2.4056197778423334,0.0,3.2665296302371316,0.0,0.0,0.0,0.0,0.0,0.0,0.0,0.14326823315561255,0.0,0.0,0.0,0.0,1.1124342116230712,0.0,11.917522178114881,8.329662998704093,2.3561828847959307,0.0,0.0,3.1738295255220343,2.006554205173847,1.0537757737480709,3.5667038907449458,3.922079124388452,0.0,0.0,0.0,4.772580380959673,0.0,0.0,0.0,0.0,0.0,1.7292436277863454,0.0,26.09451334312555,9.429931165396997,0.0,2.238465902553868,0.0,0.0,0.0,2.4651356013117143,0.0,8.05990470250187,1.1892336831192987,0.0,0.0,4.936865191900886,3.649133364608468,0.0,0.0,0.0,9.032294867032663,0.0,1.0190945690743254,1.5471122779997613,0.0,6.51224412392982,0.0,0.0,4.92835645567672,0.0,0.0,1.9034960119796507,2.2540278626782886,15.731164954294366,0.0,0.0,0.0,0.0,3.739553097716736,0.0,0.0,0.0,0.0,0.0,0.0,0.0,0.0,0.0,0.0,0.0,0.0,0.0,0.0,1.566501640931372,0.0,0.0,0.0,0.0,0.0,0.0,3.7436777842488667,0.0,0.0,0.0,0.0,6.808951047967453,0.0,0.8375671614764946,0.9443425744999323,0.0,0.0,0.0,0.0,0.0,0.0,0.0,11.608784656704747,0.0,0.0,3.996172357047401,0.0,0.0,0.0,0.0,0.3218158583188335,0.500376490882378,0.0,0.0,2.095377713032269,4.225713728444648,0.0,4.88395409113867,0.0,0.0,0.0,0.0,3.2845572409560733,0.0,3.1247368667325213,0.0,1.7307927049740783,0.0,3.1247368667325213,0.0,0.0,13.898045666948423,0.0,0.0,9.282924361401433,0.0,0.0,19.145642471514165,3.2863607078942145,0.0,0.0,4.4843570090896865,0.0,0.0,0.0,0.0,0.0,0.0,0.0,0.0,0.0,0.0,0.0,10.052712711036767,0.0,0.0,0.0,4.218193702926211,0.0,0.0,0.0,0.0,9.256544509899236,2.2974980403904155,0.0,0.0,1.0821565230256343,6.873799671761506,16.801890179767938,0.0,9.48187470561432,0.0,0.0,0.0,4.158529454489171,6.124902015638531,0.0,3.00731863044521,0.0,0.0,0.0,0.0,0.0,0.0,3.5235910659458343,1.4547387943072683,0.0,3.18955145044003,0.0,0.0,1.8674104295259242,0.6040225569835446,0.0,0.0,4.844524594044786,0.0,0.0,0.0,0.0,0.0,0.0,0.0,0.0,0.0,2.23358194878769,0.0,0.345486819899867,12.75420710056348,0.345486819899867,0.345486819899867,0.0,0.0,0.0,0.0,0.0,0.9771328253831518,0.0,5.6817037551028715,14.09466766585551,7.080226036425185,0.6199642868606153,0.0,3.2992384692182313,0.0,0.0,3.090726170569631,0.0,0.0,0.0,0.0,0.0,6.60119282641762,0.0,0.0,14.293395741193965,0.0,0.9858847619213871,0.0,0.9858847619213871,0.0,5.3142323994484,1.6795838919985855,0.0,0.0,0.0,3.646429648179063,0.0,3.3379037874833246,0.0,0.0,0.0,0.0,0.0,4.716660729381535,0.0,0.0,0.0,0.0,13.195510255552056,3.541963790915845,4.425108260098209,7.112948871862806,0.0,0.0,0.0,0.0,0.0,1.8649037684178864,0.0,0.0,0.0,0.0,12.294589413366367,0.22395017290690933,0.0,3.5067534389250934,0.0,9.341407390969932,5.201724666229065,0.0,0.0,3.345744755525275,0.0,0.0,0.0,23.804187058791516,3.333257511717596,1.5722852069502646,1.3309156372818585,0.0,0.0,0.0,0.0,1.612813680184883,0.0,0.0,3.8187630952534217,0.0,1.6401926099387258,0.0,0.0,1.2838741644523524,5.097858646697778,0.16955549959385888,0.0,0.0,0.0,0.0,0.0,4.760708925217309,0.0,0.0,0.0,0.0,0.0,4.517448578063264,1.69533759416923,0.0,3.6765170563779073,1.0983265432362603,0.0,0.0,2.359433584056626,1.9994678783300237,11.61594734203979,14.069326826422442,6.483403196806721,0.0,0.0,2.9447963040117515,1.9994678783300237,3.877654254962539,0.0,4.63890228800845,5.349073903395366,5.401200793887105,11.556223199241217,4.986210722005072,11.967067469959126,0.0,4.986210722005072,5.023775728019415,4.631106027060994,6.266161701530894,4.986210722005072,12.919486409785778,20.728130626480105,13.450537880196848,0.0,0.7183709748841094,0.0,0.0,0.0,2.3318850297096576,0.0,3.403708093215428,0.0,0.17059691909238092,12.031939699377926,0.0,2.47905422111886,3.400676475005872,0.0,0.0,13.565178725180688,0.0,0.0,0.0,0.0,0.0,7.008423146519412,0.0,0.0,0.0,0.1800259947428856,0.0,0.0,1.0232838356641782,0.0,0.0,0.0,1.5033776742284959,8.377776096582632,0.0,0.47622427686537955,0.0,0.0,8.228705866789987,11.981516607181831,0.0,0.0,0.48847551942356443,0.0,0.0,0.0,0.0,0.0,0.0,0.0,0.0,0.0,0.0,0.0,6.254276769906893,0.0,5.834861203156167,5.044858396638447,0.0,0.0,0.0,18.703209919449073,0.0,1.548602051005666,13.83745416057139,0.0,0.0,0.09420009151737503,0.0,0.0,0.0,0.0,0.0,13.974579926437878,0.7432120725205758,0.0,0.0,2.5572501565347405,0.0,5.49530905259887,0.0,0.0,0.01267735785232908,4.346737883735619,0.0,6.458790694376601,16.083011437281723,0.0,0.0,0.0,1.5151860105412638,0.0,7.068335599537592,0.0,0.0,0.0,0.0,1.9555526232131497,4.263674939963822,0.0,0.0,5.8359016891804325,0.0,0.0,0.0,0.0,12.734532854066192,0.0,0.0,0.4608503788857616,0.0,0.0,0.0,0.0,0.0,0.0,4.0172102972427535,8.98117120774769,0.0,15.831063516289987,0.0,0.0,0.0,0.0,0.0,4.359193439264326,0.0,0.8835638557319455,6.762704765148082,0.0,0.0,0.0,0.0,0.0,0.0,5.333133745310327,6.797755456367121,11.964551437897953,1.1428223242146405,1.9800553606234275,0.0,5.23811283666271,0.0,0.0,0.416394153577494,0.0,0.0,14.08892737354268,0.0,0.0,1.4101815858379965,0.12596269228418167,0.0,0.0,5.592425347729215,0.1347626081114236,1.724823184514251,9.090670272611218,2.3493867997499795,0.0,0.197103651658731,0.0,0.0,1.6830800649085624,0.0,0.0,0.0,0.0,0.0,0.0,0.0,0.0,0.9880413720532868,0.0,7.801327189780999,0.0,0.0,4.943505775881406,0.0,0.0,0.0,3.2850393746852955,8.739808293853379,0.0,0.0,2.4196702573481943,0.0,0.0,0.0,0.0,0.0,5.762695788225294,0.0,0.0,0.0,9.410119737539203,6.876998643916849,0.0,0.0,0.0,14.67494994809779,15.104502083314518,4.762511743609753,0.0,5.851109020748432,0.0,0.17595438863029136,0.0,8.38309396822182,0.0,8.38309396822182,7.371306623468109,2.4657322132472044,0.0,5.938669485307248,0.0,0.0,0.0,0.0,10.21383257874908,0.0,0.0,0.0,2.317720669081896,2.091749336898797,0.0,0.0,0.0,0.0,0.0,0.0,0.0,13.902091969001892,0.0,5.534173589442387,0.0,0.0,0.0,5.8394881634346785,4.362049642313876,8.030657098516539,0.0,13.242189939416829,0.0,0.0,13.159413677117785,2.579799271256211,2.579799271256211,0.0,21.93057959746114,0.0,0.0,0.0,0.0,0.0,0.0,0.0,0.0,0.0,0.0,0.0,0.0,3.215934482534802,0.0,0.0,0.0,0.22708547181611433,4.4794726698047995,3.6818464809595843,1.7527193644275965,0.0,0.0,2.7804499685852075,0.41933054279403364,4.879811543302596,0.0,0.0,0.0,3.797380838248384,0.0,0.0,2.2028226432827074,3.7066442776476105,0.0,1.0242000058431049,0.0,0.0,0.0,0.0,0.0,5.820342298170237,0.0,0.0,0.0,0.0,0.0,0.0,0.0,0.0,2.8414230421071407,0.0,0.0,0.0,0.0,3.4803042672754505,0.0,0.0,0.7651321879611745,0.0,0.0,0.0,0.0,3.661756848710855,0.0,1.7441759008577034,0.0,0.0,0.0,8.662276151999167,0.0,0.0,0.0,1.7842730159395976,1.5615382584412343,3.6268318718331276,0.0,19.030911575059218,0.0,3.063279381461575,0.0,0.0,5.80888589123389,0.0,0.0,0.0,0.4247660060952805,0.0,0.0,0.0,0.0,0.0,0.0,4.758339206616627,1.3040529381893433,0.0,0.0,1.3040529381893433,0.0,0.0,0.0,0.0,0.0,0.20058213309590295,0.0,1.1950835730432785,0.7641629111041099,5.735407095435162,10.005472907306721,0.0,0.0,15.694559945478705,2.258423453133613,2.04731561952652,0.0,13.138444834876307,5.8237451314371285,0.0,0.0,2.678840413237107,1.5499570180476026,0.0,0.0,7.120884655234348,0.0,16.66399533401038,0.0,0.0,0.0,0.0,7.719786727470682,2.3660530579219796,2.3660530579219796,0.0,12.660987815918322,0.0,0.0,7.8218316724131265,0.0,2.7563984584141554,0.0,0.0,0.0,0.0,0.2125140746183021,0.0,0.0,0.1566780133129414,0.0,0.0,0.0,0.0,0.0,0.0,0.0,0.0,0.0,12.453079139497166,4.063993939920159,15.339459250907412,0.5771505343590116,0.0,3.5446299644778265,0.0,2.480986704855609,0.0,10.29200381438094,0.0,1.6026378830784362,0.0,0.0,0.0,0.0,0.0,5.235674666735099,0.0,0.0,8.33833418268848,0.0,0.0,0.0,0.0,0.0,0.0,0.0,0.0,3.6959770259259925,1.7665191848438522,2.9322532226856772,9.266901067825247,3.503288108155564,2.8442456573793504,15.740688454911364,10.797189395497659,12.188250727058337,4.89396921796749,9.038493699098593,0.0,0.0,0.0,0.0,0.0,0.0,0.0,0.052556846425658214,0.0,0.0,0.0,1.1971607773374788,0.0,6.440808477782326,0.0,0.0,0.0,0.0,0.0,5.545783217402641,2.8995739238053364,0.0,0.0,0.0,0.0,0.0,1.5503694975254898,0.0,0.0,0.0,0.0,0.0,0.0,0.6284549963730696,0.0,0.0,0.0,0.0,2.8441198537147256,0.0,0.0,0.0,0.0,0.0,7.521555334375719,0.0,0.0,0.0,4.778010913714149,8.576998551253762,4.42341388712657,10.903342228857657,0.0,0.8386714624755038,0.0,0.0,0.0,0.0,0.0,0.3513477105445447,0.0,0.3513477105445447,0.0,0.0,9.667861252463872,9.667861252463872,0.0,0.0,0.0,0.0,0.0,0.0,1.1251555928614903,17.3309791672837,0.0,0.0,0.0,0.0,0.0,0.0,1.3372824942451633,0.0,2.843625074272815,0.0,2.399919718550378,1.3372824942451633,3.770249506723157,10.672323333650063,4.12609896620109,0.0,5.039190792609138,0.0,9.193852557528576,0.14759643816343365,4.649237793449047,0.14759643816343365,0.0,0.0,0.0,0.0,7.260161378971776,1.144387527436767,0.0,0.0,0.0,0.0,6.669346761929818,4.285178883899157,0.030567220447248293,0.0,0.0,0.0,0.0,0.0,5.977426270206071,0.0,3.3402541982125173,8.98157614262849,0.0,0.0,0.0,8.913029103388027,0.0,0.0,0.0,0.0,9.317676066031826,0.0,0.0,0.0,0.0,0.0,14.370615568293966,0.0,0.0,0.0,4.32784850924039,0.0,0.0,0.0,0.0,12.274511315424053,0.0,0.0,3.904584491508573,0.0,10.481700439515688,4.492957645515622,0.0,0.0,0.977270470070292,8.967350698736247,0.0,0.0,0.0,9.613640286418159,0.0,0.0,0.0,0.0,0.0,0.0,3.2222040289071976,0.0,0.0,2.227346408794282,3.2510273827753338,0.0,0.8699619877026282,0.0,5.414082211216745,0.0,3.0803971981284723,0.0,11.232921523038407,6.06655678516206,0.0,0.0,0.0,9.95886084529561,0.0,0.0,2.2542542453840655,0.0,6.679466894113314,0.0,0.549620654431849,14.471521390749434,0.0,0.0,0.0,0.0,0.0,0.8567471142070839,4.665170280196919,8.423078253358153,0.0,0.0,0.0,0.0,0.0,0.0,0.0,0.0,0.0,0.0,0.0,5.427601305372834,5.427601305372834,0.0,5.427601305372834,0.0,0.0,0.0,0.0,0.0,0.0,0.0,0.0,2.1465111642339485,0.0,0.0,0.0,0.0739655429387448,0.09215985951935417,0.0,3.0618456950563133,0.0,6.9398900284910265,0.0,0.0,0.0,0.0,4.080796202143723,1.8007116537114667,0.0,3.1372976057727953,0.0,0.0,0.0,0.0,0.0,0.7683869073810828,3.877717625558891,4.815626109773157,0.0,9.468093923634509,0.0,0.0,0.0,0.0,0.49717672630797183,0.0,0.0,6.164833474585485,2.170498198341212,0.0,0.0,0.0,18.895233298592014,9.477256348276091,0.0,0.0,0.0,0.0,5.1786072627779065,0.0,0.0,0.0,0.9948459248461039,0.0,0.0,0.0,7.4702570288873975,0.0,0.0,0.0,0.0,10.396113827661694,0.0,0.0,5.883952482026234,2.832091563230473,0.0,0.9974138866421568,0.0,11.36905781529848,5.292978671557111,0.0,2.832091563230473,0.0,0.0,0.0,0.0,0.0,13.558471486324235,3.230716582258297,0.0,0.0,0.8010343401129233,0.0,0.8010343401129233,0.3122223100123782,1.8610073166819439,0.0,0.0,7.6179778889572916,0.0,0.0,0.0,0.0,17.2558978370898,0.0,0.0,1.7266198269139237,1.7023485413632833,9.792107739067035,0.0,0.5355478807215741,0.0,2.2597168793936255,2.423327916315118,0.0,2.2783785947711728,2.2783785947711728,0.0,0.0,0.0,0.0,0.0,0.0,0.0,0.0,3.1635303690494663,13.055831636307921,0.4881790159210637,0.0,0.3608839993772543,0.0,0.0,0.0,0.0,0.0,6.825018352041177,13.62759861777602,0.0,0.0,0.0,2.70646651324698,0.0,0.0,0.0,0.0,0.0,1.3228933664907119,9.204642261684276,0.0,23.071051448071135,0.0,0.0,0.0,1.7278689111899692,6.568375435322425,0.0,0.0,0.0,2.297101216785686,1.3390737503982855,1.2162881221469084,0.0,1.1589478622462928,0.0,13.594065265990059,0.7949227094255173,0.0,0.0,0.0,0.0,16.29979163762313,1.2282620325688471,3.2951922799130773,0.6774670286388492,0.0,0.0,8.327129710785647,0.0,0.0,0.0,0.0,0.0,4.262005468425928,0.0,1.7546299018627776,0.0,0.0,0.0,0.0,0.0,0.0,0.0,0.0,1.6946463004952277,0.0,0.0,19.95995681111979,11.012205620888563,0.7615734385258861,0.0,0.0,0.0,0.0,0.0,0.0,0.0,0.3066194522642596,0.0,0.0,0.0,0.0,0.0,0.0,1.005947790390697,0.0,4.493423580638947,0.0,13.941139325558147,0.0,0.0,7.2220937660509446,0.0,0.0,0.0,0.0,3.975345546067006,0.0,0.0,2.208415273927067,2.8823737344456064,0.0,0.0,7.943532644581751,0.0,0.0,1.0075062817260556,6.128164191527103,0.8384327470760511,0.0,0.0,0.0,0.0,0.49206371366905555,0.0,3.879622465830018,3.879622465830018,0.0,0.0,6.5777736845287675,1.328272952959425,0.0,0.0,0.0,0.928415099502547,8.858921409839946,14.132043818198332,0.0,0.0,0.5001568496725103,0.0,0.0,0.35514812434358894,0.0,4.3386853553927915,0.0,0.0,0.0,0.0,0.0,0.0,4.364835178847808,0.0,0.0,0.0,4.172546980851461,0.0,0.0,0.0,0.24887618924120114,0.0,0.0,0.0,0.5681819241996492,0.0,0.0,3.3513234235507126,20.955833269812462,4.429957514754932,1.8368134329239778,0.0,0.0,0.0,1.8368134329239778,0.0,0.0,0.0,0.8458865402972991,0.8458865402972991,0.0,0.8458865402972991,0.0,2.6185309704456023,0.0,2.4982647437381207,0.0,0.0,0.0,0.0,0.0,0.0,0.0,1.9009365634020163,0.5405695970545601,0.0,0.0,0.0,0.0,11.055082001107163,11.055082001107163,0.0,0.0,1.282589346663128,0.9396942123010574,0.0,19.304608120465648,0.0,0.0,5.553318862403365,0.0,0.0,0.0,0.0,0.0,6.105235110629243,0.0,0.0,10.20268445771566,0.0,4.554471796823367,4.7865528226537775,4.7865528226537775,0.0,0.0,0.0,0.0,0.0,9.123513507686626,9.123513507686626,0.0,2.229444135182449,10.93145413737203,0.0,2.1081157132353536,2.1081157132353536,12.447989814527709,8.16701272523009,1.0563957309346295,2.980252342622852,0.0,0.0,0.0,0.0,9.650995359253034,0.0,6.263366992342666,0.0,0.0,4.592793160584513,0.0,2.7034203091578215,0.4942475950416284,0.0,8.0937573660151,0.0,0.0,0.0,0.0,0.0,0.0,0.0,10.005097695970905,0.0,0.0,0.0,0.0,0.0,3.467084726931092,0.0,0.0,0.0,0.0,0.0,0.0,0.0,0.0,0.0,0.0,0.0,0.0,0.0,14.87493300271441,2.0322309603279756,0.0,1.8659235809687693,0.0,0.0,0.0,0.0,8.23345245153243,0.0,1.241968637984411,5.773950091716898,0.0,0.0,0.09410185249297126,0.0,0.0,2.411733415716485,0.0,0.0,0.0,0.0,0.0,1.3905585045107864,1.3146522978897675,0.0,12.098108449452837,0.0,0.0,0.0,4.927157568462897,0.0,0.0,0.0,4.5026765866045375,0.0,0.0,0.0,0.0,0.0,0.0,15.21992170883609,0.0,0.0,0.0,0.7314497055854302,0.0,0.21405406222449752,0.0,0.0,0.0,9.450648028654866,0.3607063290599691,0.0,0.30179792894069096,0.0,0.0,0.0,0.0,2.1550941376388266,2.1550941376388266,8.745994038430844,0.0,8.80319461435961,0.0,0.7629022455400379,0.0,6.548132285490803,0.0,0.0,6.8974402007888065,0.0,0.0,7.806275129060326,0.0,0.0,0.0,2.5108306602671044,0.0,0.0,2.8043447548966647,0.0,0.0,8.17426153152376,0.0,0.0,0.0,8.11796087972672,0.0,0.0,0.0,0.0,0.0,0.0,5.84538596100922,0.0,0.0,3.188764672157548,1.8865643804857404,0.0,0.4748499938494767,0.0,4.467538833133925,0.0,6.338169876445973,6.338169876445973,4.0022103696183535,2.30200587203129,0.0,0.0,2.0598282654594606,2.0598282654594606,0.0,0.0,12.881359654276062,0.0,0.0,0.0,0.0,0.0,5.058117939836579,0.0,0.0,0.0,2.096728590370282,0.0,0.0,0.0,0.0,5.148288231953757,0.0,2.382026090154149,1.081442934472381,0.0,5.706039340510461,2.8829064461732745,0.0,0.0,0.030485496016700885,0.0,0.0,0.0,0.0,0.0,0.0,0.0,0.0,0.0,0.0,0.0,0.0,0.0,0.0,3.6114682953762074,17.454895767624162,7.542056302479228,0.0,0.0,0.0,0.0,0.0,0.0,1.009322144378627,0.0,13.79957637612809,0.0,0.0,8.397434250050976,0.0,0.0,0.0,0.0,0.0,4.090853694642607,0.0,0.0,0.0,0.0,0.0,2.8720120349904192,0.0,0.0,0.0,0.0,0.8021272912009959,0.9928118242587667,0.0,10.885319380999016,10.885319380999016,8.192068636959961,3.511999411832911,0.0,0.0,0.0,0.0,0.8322570187154548,0.8322570187154548,0.0,0.0,0.0,0.0,4.02783546457174,0.0,12.919260572564152,0.0,0.0,2.578794336665098,0.0,2.5196142031229902,12.850103062497318,5.065566333405298,0.0,0.0,0.0,0.0,7.4882599120347155,0.0,6.729548742731243,0.0,10.462865294636597,0.8819596902927368,3.831508980528538,0.0,5.130389832551946,5.812972914957486,0.0,0.0,0.0,0.0,2.88174639651558,0.0,1.266714414885394,0.0,0.0,11.14803079648347,0.0,0.0,0.0,10.159279554352011,0.0,5.867838297362181,0.0,7.330123806905912,9.161879604344376,1.053584004494689,0.0,0.0,0.0,1.053584004494689,0.0,3.8844438451267482,3.8844438451267482,6.878457105613097,1.9610248560799246,5.4823483754870965,0.0,0.0,0.0,6.619363100231338,0.0,1.6936701497169282,5.673259386414952,9.295403017158277,0.0,0.0,0.0,0.0,0.0,11.937190019393103,10.44350562493653,0.0,2.319748112631774,0.0,6.833253396882951,6.833253396882951,3.836709905085312,9.961894725210543,0.0,0.0,0.0,0.0,0.0,0.0,0.0,0.0,0.0,0.0,0.0,0.0,1.3779886294940824,7.208151041400573,0.5738374736725531,0.34322922882464746,0.34322922882464746,1.4520735420628534,0.0,0.0,0.2751918249012721,0.0,0.0,1.3229971632659978,0.2751918249012721,0.0,0.2751918249012721,0.0,0.0,0.0,0.0,3.6071629219599215,1.4461196207621367,0.0,0.0,0.0,0.0,0.0,0.0,0.0,0.0,0.0,0.0,0.34435360683596006,2.225487392537425,0.0,2.3568097023478485,15.320924833972787,1.2843104628864113,0.0,0.0,0.0,9.041756589080048,2.670123583140311,2.670123583140311,0.0,0.0,0.0,0.0,0.0,0.8023296218997561,6.888347286764765,0.0,2.567051554773233,0.0,0.0,0.0,1.3950651632394553,0.0,0.0,7.529772856890402,0.0,0.0,8.050177278892487,14.919464366474196,0.0,0.0,0.0,0.0,2.9274525557987467,0.0,0.2613189006455119,15.882566315156799,0.0,0.0,5.250479306488593,10.17666344779707,1.00405807783131,0.0,0.0,0.0,0.0,0.0,0.0,0.0,4.957269892436775,0.0,0.0,0.0,2.265398047655879,0.0,0.0,12.734851457786673,0.0,2.520929908363556,0.0,0.0,0.0,0.0,0.0,0.0,0.0,0.0,6.281814396327956,0.0,0.0,0.0,0.0,0.0,0.0,0.0,3.27938228758791,1.2719172828105487,0.0,0.0,0.0,4.405593990273322,5.742995191580501,0.0,0.0,0.0,0.0,0.0,0.0,0.0,0.0,15.190525974458243,0.0,0.0,0.0,0.0,0.0,0.0,0.0,0.0,0.0,0.0,0.0,0.0,0.0,0.0,0.0,0.5311234183366758,0.0,0.0,0.0,0.0,0.0,2.093111626021254,1.5463211004170176,0.0,0.0,0.0,4.573597566908411,0.0,0.0,0.0,0.0,0.0,0.0,0.0,0.0,0.7736970823716303,5.314243646755214,0.0,0.7736970823716303,0.0,0.0,0.0,0.0,0.0,0.0,0.0,0.0,0.0,0.0,0.0,4.762572094570334,9.669296153029727,0.0,0.0,0.0,0.0,0.0,0.0,0.0,0.0,0.0,4.837983356183972,0.0,0.0,2.8134277028376236,0.0,0.0,2.8134277028376236,0.0,0.0,0.0,0.0,0.0,0.0,8.608677903683418,0.0,0.0,1.9929420979056753,0.0,0.0,0.9206463069763605,0.0,0.0,0.0,17.3719973153684,0.0,7.153868979208163,0.0,0.0,0.0,5.724067667820116,0.0,0.9971800713654306,0.0,0.0,0.0,0.0,0.0,0.0,0.0,0.0,0.0,0.0,0.0,0.0,0.0,0.0,0.0,1.4567691383798322,6.639322900299054,0.0,10.058895234577708,0.0,0.0,0.0,0.0,0.0,0.0,0.0,0.0,9.274760696531361,2.0845441765500614,0.0,16.95359564505152,0.3789026410916852,0.0,0.3600966594264279,0.0,10.278930427271451,0.0,0.0,0.0,0.0,0.0,0.0,0.0,0.0,1.4138331017400505,0.0,0.0,0.0,0.0,0.0,5.933911596730342,0.0,0.0,0.0,0.0,0.0,0.0,0.0,5.48462852106041,0.06032081311643993,0.0,0.0,6.467857210871628,0.0,0.0,0.0,0.0,0.0,0.0,0.0,0.0,0.0,0.0,0.0,4.7632814335847575,0.6504376961453547,4.7632814335847575,0.0,5.279207014615746,0.0,0.0,4.458277482218481,0.0,0.0,0.0,0.0,0.0,0.0,0.0,4.801140318166155,0.0,0.0,0.0,0.0,0.0,1.0331335888674251,0.0,0.0,0.0,0.14992330631809722,1.8657444203030638,2.7155991398876695,0.0,0.0,0.0,0.9765925960148192,0.0,0.0,0.0,0.0,0.0,0.0,3.1773744340004892,0.0,0.0,0.0,0.0,0.0,0.0,0.0,0.0,0.0,0.0,0.0,0.0,2.9669368589268035,0.0,2.907506319144752,0.0,0.0,0.0,3.7716658386290653,0.0,0.0,0.0,0.0,0.1864135720922868,0.0,4.889195874231295,0.0,0.0,0.0,10.205853126452165,8.713754815125428,0.0,8.49876768023493,0.0,1.9946151254541,2.153988615700206,1.1054401593039924,0.0,1.340514464305693,0.0,15.411015541691938,0.0,0.0,0.0,0.0,1.2383143040072446,4.2004246301132095,0.0,0.0,0.0,0.0,9.703271952646974,0.0,0.0,5.349765480146911,0.0,0.0,9.84415043119414,0.0,0.0,0.0,0.0,0.0,0.0,4.508543305457208,0.0,0.0,0.22761919052461377,7.5425188980162865,0.0,8.029107286296258,0.0,0.0,0.0,0.0,0.0,0.0,5.722893324112264,0.0,0.0,0.0,0.0,6.373917543665895,0.0,6.637764231631996,0.0,0.0,0.0,11.626886271009056,3.15638419772602,0.0,6.724114614304088,0.0,0.0,10.787651453163349,0.0,4.165945796928262,0.0,0.0,0.0,19.659829703726647,0.0,13.281353151614255,0.0,0.0,1.0153359241909987,3.0791707755699806,0.38294076435403684,0.0,1.0153359241909987,0.0,0.0,2.9029040067411613,0.0,1.1008569111080417,0.0,0.0,1.287394710883491,0.0,0.6257151478713963,10.785680432981543,4.811710099201513,0.5876187628868121,9.12000362248214,8.30114091201742,0.0,0.0,0.0,8.18028576980857,0.7325678121921968,0.0,0.0,2.6392214416001263,14.575594459552041,0.0,0.0,9.05733389361225,9.476539910378342,0.0,0.0,0.0,0.0,0.0,0.788220874447459,2.042555987380111,7.651384656421292,0.0,0.0,0.0,1.5277319712801054,0.0,0.0,0.0,1.1699501164315982,0.0,0.0,0.0,0.0,4.62865211551312,0.0,1.5307792097359563,13.805173460032664,1.5307792097359563,0.0,0.0,0.38068593428878844,12.567912215417236,0.0,7.832796330223564,4.939446803727032,7.439341441642299,0.0,0.0,0.0,0.0,0.0,0.0,0.0,0.0,1.5472208952982691,0.0,0.0,0.0,0.0,0.0,0.0,3.88233593787612,0.0,0.0,9.242485601701171,0.0,1.2988964451911134,0.0,0.0,0.8601131407995759,2.3593164630186707,0.0,0.0,0.0,0.0,0.0,0.0,2.26609231139055,0.0,0.0,0.0,0.0,0.0,0.0,8.377652234863259,4.3855504621687995,0.0,2.8866728292995134,4.995406334660269,0.18238821047137976,8.89795556358616,0.18238821047137976,0.0,6.415155271623034,0.0,0.0,0.0,0.0,0.0,0.0,0.0,0.0,0.0,0.0,9.524141517078045,0.0,0.0,0.0,18.006758239246288,0.0,0.0,0.0,8.580202306889992,0.0,0.0,0.0,11.915203291848012,1.1427559671566947,0.0,0.0,0.0,0.0,0.0,0.0,0.0,0.0,0.0,0.0,6.4896464854578575,11.266342736168038,0.0,0.0,1.0951078085349126,0.0,0.0,0.0,0.0,6.855223510491427,0.0,2.154061393499844,0.0,0.0,0.0,4.755189308112131,2.5928332017366893,0.0,0.0,0.0,0.0,0.0,0.0,0.0,0.0,0.0,0.0,0.0,0.0,1.1615064420441648,0.0,0.0,1.1615064420441648,0.0,1.3139169320140016,9.20234515761976,4.188795824006435,0.0,0.0,0.0,0.0,0.685197534623906,0.0,3.224403831704377,6.15466641267804,0.0,4.313291475587788,0.0,3.7895134352245954,0.0,1.1655856340691497,4.062450466110007,0.0,4.743997683414951,2.1967219366975734,0.491045733598032,0.0,0.0,0.0,0.0,0.0,0.0,1.1869785952936656,0.0,5.634148220904523,0.0,0.0,0.0,0.0,0.0,8.097875448916216,0.0,0.0,0.0,2.075714042699513,1.9522262752512023,0.0,1.800669060118995,1.2800132602186989,1.632443015254386,0.0,0.0,0.0,0.0,0.0,0.0,0.0,3.118366021083478,0.0,0.0,0.0,1.9878842795025449,0.0,0.0,0.0,0.0,0.0,15.745630727363565,5.451014804048212,0.0,0.0,0.0,3.925814740826895,0.0,8.97784344967653,0.0,0.0,0.0,0.0,1.7439508754960542,0.0,0.0,0.0,3.7215314317109383,0.0,0.0,4.541563838345094,0.0,0.0,0.0,1.9185750715865746,0.0,5.453026068947201,13.78766753665482,0.0,0.0,2.0354693241268818,0.7243827833194953,0.0,15.620247838119369,1.9013131758601591,0.0,6.69681682867556,10.859225378774855,3.4617335172370014,14.734034610634449,0.0,1.2165989396305508,0.0,0.0,0.0,6.9186938331646495,1.015934287515009,0.0,1.668671802124409,0.0,0.0,0.0,0.0,0.0,0.0,0.0,0.0,0.0,0.0,0.0,1.4922424655644437,0.0,0.0,0.0,0.5540882248287295,0.0,0.0,0.0,0.0,2.738330929119461,2.40749003545049,0.0,0.0,0.0,0.0,0.0,2.4504117565085206,0.0,0.0,0.0,0.0,0.0,0.0,3.2507918561009106,0.0,12.37767364266173,0.0,3.550304202422879,0.9415439305449876,0.0,13.972374359863077,0.0,0.0,9.45620611658516,0.0,3.866215546175124,0.0,10.283741335664184,7.079865164358464,0.09435000906007678,0.0,0.0,0.09435000906007678,0.0,0.0,0.0,0.0,0.0,0.0,0.0,0.0,0.0,0.0,0.0,4.264063919246936,0.0,0.0,0.3162838001555933,8.317173547328174,13.625168506053866,0.0,0.0,0.0,0.0,0.0,0.0,3.3189672138744983,3.6402131662644055,8.497265759943614,0.0,0.0,3.047759096544604,0.0,0.0,0.0,0.0,0.0,0.0,0.0,8.245466657702611,1.2767277048297252,0.0,0.9268090999943523,0.0,0.0,0.0,0.0,16.218798181629854,0.36235493068554064,0.0,4.10397195826052,0.0,0.0,0.0,0.0,0.0,0.0,0.0,0.0,0.0,0.0,10.210258646574081,0.0,0.0,0.0,0.0,0.0,0.0,15.752833389544763,8.584929148752462,0.0,0.0,5.658956182684204,0.0,0.0,1.2277301353809729,0.0,0.0,0.0,0.0,0.0,0.0,0.0,0.0,0.0,5.1961124484292265,0.0,1.0154806912661702,0.7271336260105609,6.222761438233579,0.0,1.4803163360756768,1.0154806912661702,1.0154806912661702,0.0,0.0,0.0,1.235369086069661,0.0,0.0,0.0,4.450665094350219,0.0,8.008056083741849,0.0,0.0,0.0,7.256551198603324,0.0,0.0,0.0,11.092370566644924,2.457039991363003,0.6230443518468665,1.6276801581081402,0.0,3.8953740310545877,3.8953740310545877,8.277025188699882,0.0,0.43177991031920804,8.85948840502486,0.0,0.0,0.0,0.0,2.2590641302994374,0.0,0.0,17.806645282926702,0.0,0.0,4.6360018911596725,0.6612828773395976,0.0,0.0,0.0,11.746469829347324,11.746469829347324,14.712276994993495,0.0,12.315921660433725,2.973477512461335,0.005959872978758551,0.5707693277697985,0.0,0.0,0.0,0.0,0.0,0.0,0.3820771586675528,0.0,5.72181821928687,0.0,0.0,0.0,0.0,0.0,6.1855445937454405,0.0,0.28320570339194456,7.234166190471705,0.0,0.0,0.9929148690827736,0.0,0.0,0.0,0.0,3.2160267283930226,6.639083828970506,0.0,0.8488204495612757,3.396174314968806,0.0,0.0,0.0,13.591660295947692,0.0,0.0,0.0,0.0,0.0,0.0,0.0,0.0,0.0,0.0,0.5818347329559285,0.0,0.009622082772942075,0.0,3.2800610061309134,2.19351585453186,0.0,0.0,0.0,0.22686002116503276,0.0,0.0,0.22686002116503276,0.0,0.0,0.0,0.0,0.9959340713729925,0.0,0.0,2.993351155735576,0.0,0.0,0.0,0.0,0.0,0.0,0.0,0.0,0.0,6.242916351055198,0.0,5.222353971400419,0.0,7.200846067422874,0.0,0.0,0.0,0.0,0.0,0.0,10.638165833258238,5.429706484894146,1.2129084420317173,5.1161691316953055,5.6028416802695,12.340935279973387,11.132633226683794,9.168433850080696,0.5164411875496057,0.0,3.8068854708050592,0.0,0.0,2.6042454643502717,7.384942453152386,0.0,0.0,0.0,0.0,10.976042947791598,0.0,0.0,0.0,0.0,0.0,0.0,0.0,0.0,0.0,0.0,0.0,8.528147292688942,0.0,0.0,6.8628848036962085,0.0,0.0,0.0,0.0,0.0,0.0,0.0,0.0,0.0,8.680371835751163,0.0,0.0,0.0,0.0,0.0,0.0,7.455550293589127,0.0,0.0,0.0,0.0,0.0,0.0,0.0,0.0,11.198081490063803,0.0,7.094954699071636,0.0,0.0,0.0,0.0,4.886173688363508,4.886173688363508,2.264266550603498,2.264266550603498,0.0,11.902794988810985,0.0,0.0,0.0,0.0,0.0,8.68738359391618,0.0,0.0,0.0,0.0,0.0,0.0,0.0,0.0,0.6888599547910148,0.0,4.507938555146952,0.0,0.0,0.0,2.9938929795051377,5.407379201580273,0.0,5.407379201580273,0.0,7.012383323773638,7.012383323773638,0.0,0.0,0.0,4.991386700474558,2.4711005878571655,0.0,0.0,0.0,2.482352967406235,0.722281563766592,0.3372717149486147,3.3232444228101294,0.0,1.2669504680371,0.0,1.761391163630768,0.0,0.3372717149486147,0.0,0.0,0.0,0.0,0.0,0.0,1.0215619002377017,0.0,0.0,0.0,4.8240501017011415,0.0,0.8546975550475369,0.0,17.650823339831643,0.0,0.0,0.0,7.004999699424948,0.0,0.0,9.350614089082985,11.94843107229125,0.0,0.0,0.0,0.0,0.0,0.0,0.0,0.0,0.0,0.0,0.0,0.0,0.0,0.0,1.2537152791246724,2.4316746275003163,3.8739444061313124,2.7972517677013813
critic_evals,3.02235587455581,3.728108113379049,4.187385435084776,4.576441141328642,4.914751465823286,5.107748777279761,5.22110910155942,5.508105228560261,5.67137639807327,5.829998831215377,5.993360274413789,6.165646617664617,6.257458409564345,6.710684789828091,6.625628220849882,6.630697526463368,6.555530785054288,6.995972013868789,7.02055934088647,7.0783359723400086,7.2018158503033565,7.347134662434173,7.515656120936211,7.632620052471255,7.820297788123535,7.95837487593122,7.921354980119896,7.924495308155737,8.121269104740392,8.213875308868326,8.16571893669015,8.455389012808883,8.616183042977195,8.525689462509552,8.804645722761922,8.902962993866037,9.086880400055174,9.213421797952588,9.135931637031359,9.206983429258948,9.396372977549415,9.407664651221822,9.590283561789201,9.629566320501802,9.687633171372001,9.946648614252112,9.933129075986296,9.844518880265461,10.130229971043638,10.036907270115375,10.29580229008698,10.343531856269172,10.455958276440745,10.66476963235406,10.593855015624108,10.469454268823814,10.807924099389002,10.920405985443411,10.992713046762546,11.084726478502732,10.975213730149594,11.176922840180767,11.220504987729171,11.26674943618808,11.238273274506088,11.51931834696655,11.640218230857622,11.501497146865539,11.87216673403983,12.13454902855966,11.84289776415564,12.346538982827715,12.343366237038113,12.266219132491468,12.298738846243902,12.698609350563997,12.51887683839733,12.715914096570843,12.679234825727361,12.886070885035442,12.868997756164871,13.110846739185693,13.270026826363786,13.233262920166274,13.178288397086579,13.317359567705484,13.473164092004437,13.409803652765795,13.546202025713566,13.322441831113116,13.445690983326543,13.577333071549951,14.19336845690742,14.038008147755287,14.252636025225481,13.982030281319638,14.193643760905273,14.510202279010343,14.353946925651467,14.62715055919543,14.703548578704952,15.071583360910425,14.9313099432466,15.138720416489232,14.982901612578816,14.920175589580236,15.366794549012123,15.663987644642994,15.504477419507623,15.367613135567712,15.474904617561064,15.464851696623388,16.05997780467477,15.741248497854606,15.639077387475593,15.89276970273096,15.495792868567776,16.611970236910324,16.528936937815327,16.109686154115806,16.499194108046332,16.494071728709944,16.804998407419554,16.620103515390273,16.769925776356125,17.010035385940693,17.119888727507494,17.026043286820027,17.076626403506218,17.289095936112993,17.551631339816474,17.714085304930435,17.786929864181683,17.868559344278225,17.54562814132903,17.91768741481806,17.847027407951757,18.308743659195358,18.49158001530271,18.33057440612388,18.529694974649473,18.097747562177055,17.96380468568188,18.875724279249155,18.83160486614634,19.101116213218944,19.163120306197143,18.75430255893735,19.248044277538867,19.309543304677142,18.944589721885887,19.429312283131114,19.98880482320706,19.90009494584868,20.335306709636892,19.38966508753869,19.582017606568165,20.18179596010211,20.160053279070446,20.37318089201997,19.44471300509423,19.93670751587958,20.27553676140928,20.07578983331285,20.731394139725673,21.124844757178003,21.2609991394128,21.401107607956032,21.20032064202882,21.579715038121083,21.38088276561235,21.091047965668153,21.241879403372668,21.587616024043406,22.131162551744673,21.70981323271062,21.87569600926574,22.097766570161728,21.496027326911296,22.346223795015465,21.80849488449609,22.666289818259386,22.523849581898773,22.445883119494454,22.697580159841838,22.960810034750605,22.592261279311806,22.90112734572942,22.947936622604978,23.41166290077391,23.46602133698126,23.31278195663548,23.817763460776423,24.07163328945062,24.024505087384988,24.036262893843677,24.281868409127263,24.34873357667927,24.086421267026452,24.530282876517383,24.66801798726393,24.755545169796136,24.900182849796007,25.067389949266285,25.10937739532957,25.206323536210345,25.36530115124628,25.42867029302339,25.502551589813343,25.65980778684902,25.676807026425088,25.811387301607727,25.892915489849745,26.11556049014319,26.103179673125176,26.188058046510626,26.33778278405448,26.485498010525202,26.754568691213553,26.844679880147996,26.9879880689385,27.060685107790047,27.176719397262886,27.351358712393797,27.434859507401715,27.491916356256898,27.674007709913653,27.781639893793265,27.925647463049867,28.134109739736214,28.161448274749908,28.260097495185928,28.527038421938357,28.578900068094732,28.75464955152271,28.865516761020533,28.949053346775116,29.078557457750783,29.160950426280934,28.925514892648437,29.45365302998267,29.699378566817327,29.60631746911426,29.928379437650964,30.0402416662772,30.277034301630415,30.204294400125864,30.576811390015592,30.775110299402392,30.82268537688669,31.068290404052018,31.338431260930758,31.36519276423202,31.588417769031192,31.737326419447736,31.875781302283645,32.05807304311963,32.03484957975298,32.543677794762175,32.587143965514045,32.88607111458382,33.05435442688915,33.27581107662937,33.47083153130115,33.61609851256741,33.81842389341959,33.98298356664907,34.1605501809721,34.32119285041135,34.58801880926239,34.74682155283735,34.888849482770794,35.17827811276352,35.302279886479226,35.32145041033783,35.68474994558415,35.7782666550384,35.899681734370695,36.288275859921576,36.3582989698729,36.57702770698816,36.77635474584144,36.80951936312084,37.10448277444905,37.27680162166102,37.44814082042072,37.66385140088701,37.870318891663885,37.958597153506254,38.2352468784664,38.3850370441862,38.52299717501474,38.62634754427617,38.838864428160484,38.99069529785663,39.22068413333066,39.25053926834216,39.51834595368971,39.44606089063318,39.86352016958227,40.00222517070045,40.26818033729544,39.97920671088363,40.52339554472417,40.75808636598661,40.877213967720834,40.784749855623,41.07665562619328,41.15895091858587,41.59152397687288,41.761236651066866,41.76187816910759,42.11663223961999,42.26927068737323,42.46194421388127,42.623971190113416,42.75119510039476,42.96149681478822,43.07876634617886,43.25688833943242,43.50762583124303,43.69385243481705,43.79802936097859,44.03754518478088,44.18110830264287,43.33875385673383,44.533808727098545,44.64331939172671,44.89734370884406,44.75670016387338,44.9850081550688,45.17510003934441,45.56001064405853,45.062764322291535,45.86414377568003,45.280084532209585,46.15412522806061,46.335420927307396,46.48067095704208,46.66134312513317,46.85968004747738,46.877775851083285,47.136807895845074,47.372804398599754,47.48377301388069,47.64032653710898,47.86009912157325,48.05437720159289,48.09753892092118,48.37517398488697,48.52035724190456,48.67709115896797,48.865828119261394,49.01892805974069,49.219086134791716,49.32910834755189,48.922148268271116,49.654892951892975,49.864746769892285,50.06156418461885,50.22444491579149,50.21572773850651,50.484792988585355,50.68944736934022,50.82557088306059,50.8988823955694,51.16964497374037,51.266495211618086,51.472706437961534,51.51673561656491,51.78442340615692,51.90326672791581,52.09174681269561,52.1671681933454,52.42524122048804,52.56498536318828,52.761129016455094,52.96408494217264,53.10509997422071,53.23385301360177,53.39854943830437,53.57454049200225,53.73275205952551,53.84590740186268,53.93221790512991,54.166207891286945,53.71158139964366,54.45180589324914,54.64021414745902,54.75402171812025,54.90908024491269,55.024016880704735,55.20983174556576,55.32565299226005,55.492740282359414,55.73108750359801,54.002482427673456,56.00540113949339,56.186685373607936,56.262422984284015,56.25468412305178,56.60340349583635,56.755709593973364,56.406652306435696,57.02667774484326,57.26921696291831,57.397212502903315,57.535553792451005,57.655653856583186,57.83846059037013,57.96848699113303,58.089661612221526,57.864654123898454,58.44499691405685,58.31941340326139,58.746187202324705,58.588784232025354,59.07820666954224,59.227200757042766,59.329634645488746,59.5490657801313,58.72121016162788,59.8401481580141,59.98940415658097,60.11574955309668,60.24491796969658,60.367550935372456,60.512699846228145,60.66682110459367,60.90114463322208,60.945554524185596,61.204785618952684,60.754124891972666,60.827839672415536,61.66580241980997,61.79097172240294,60.45048412002892,62.02671270524331,62.2739477921213,62.406157719218996,62.53683204995515,62.72080431464622,62.827224117359656,63.010476429733046,63.18133018288812,63.30034501405791,63.366060071286185,63.50944370849056,63.48736684710031,63.761389231304406,63.273065632486215,64.0103500404922,64.16656110025637,64.3883558229989,64.47963233639426,64.22877409545784,64.8224026118882,64.57258269918617,65.01372124903743,65.23679500221166,65.34100316168822,65.4381023941583,65.66240121348609,65.77779307670718,65.92246534068153,66.10027405088722,66.2138516832843,66.35479759555326,66.50919440562639,66.64792289899809,66.8043988635091,65.01915692747971,64.8509026905585,67.20067362114386,66.88789165093266,67.21718653528842,67.54352595728031,67.65018632201118,67.83361332053691,67.95356624064158,68.04126997437486,68.23934075790325,68.33212703569671,68.50812484409093,68.5617478750016,68.66712381861785,68.99651664607535,69.07709842009058,69.20975477980978,69.41029311833994,69.56095674461073,69.65728687983534,69.80324946332917,70.01317772960513,70.05531194683293,70.32735608798274,70.46358577465953,70.57361062170885,70.71909778634168,70.87569559727208,70.95260787980739,71.17647274049285,71.32932862846134,71.43204197417849,71.51224251928095,71.72190618713495,71.8166272278171,71.41076161301548,72.09942234093427,71.99032812907097,72.37774053534686,72.54551851289817,72.67348484982402,72.86485941235735,72.96498689639206,73.12080682367016,73.22623777230025,73.35803164499029,73.47758383887066,73.63486584144337,73.72287903365196,73.84367832012961,74.03841730984959,74.14283686687587,74.2631643167196,74.35323001974623,74.46032085549781,74.68874937325234,74.73067664855978,74.87477569599126,74.98019257877279,74.39980626789836,75.18431844687842,75.302141731431,75.10368259366237,75.59735560263272,75.72639019220232,75.89642533680275,76.01651678158872,76.09967601445577,76.19386799064985,76.36813271941551,76.31104076451835,76.64087538921902,76.77052855865055,76.53218357451755,77.05960367568599,76.56208061836846,77.20740876670656,77.26292690187707,77.55325452833254,77.63253949459538,77.74503416798787,77.71896349511331,78.03712691929526,78.02710467892544,78.22201627922558,78.20844015239378,78.50175971822503,78.62106405486159,78.81954936518835,78.88491765553842,78.98777170488187,79.18520718479144,78.68740637578414,79.38340723299409,79.41458868071359,79.62273990626554,79.7969271987892,79.9159173569491,79.99010658903318,80.06220509519355,80.28796178754519,80.35065737685173,80.48763223967691,80.60761310531286,80.72186506567733,80.61238221583012,81.00898027587654,81.0801552803839,81.26673784808233,81.4119370998264,81.62946046166853,81.66732843800791,81.44610907051776,81.68687029410022,81.96660241843892,82.00475973258537,82.12232225178076,81.7260997493303,82.42939789780628,80.63108185340452,82.65589826445631,82.82834962406265,82.94017121693062,83.07426525385146,83.21825257024577,83.34892544793684,83.50056422968686,83.6305315086105,83.7743378222733,83.87068426340508,84.03169298294034,84.02751076789163,84.2560956142225,83.71042484659843,84.44186728520543,84.52559794617429,84.65435292952756,84.70343634159809,84.79935000062498,84.20461846378716,85.04110277361688,84.17935567128559,85.22828326265756,85.32893347868753,85.47233319174445,85.46374794643721,85.28732960443816,85.54546105521977,85.79205839451426,86.08213007442193,86.17771269158101,86.28867412622465,86.1979568696381,86.30260974369693,86.70988082293633,86.77999428706852,83.01985503120844,87.08335844552062,86.71831342692843,87.28409991490395,87.44417588560317,87.55515913615473,87.1999455310348,87.81046296825188,87.92051539065817,87.74310635222214,87.78243388593435,88.1828481229173,88.30804133707589,88.38635927217241,88.49683148035865,88.59035219285863,88.73099484452946,88.74448520391446,88.9342963591071,89.04876318961476,89.15363932561083,89.262955662332,89.00025916966955,89.39129737621012,89.14320865332013,89.69449082329683,89.19097707358038,89.9661912059792,88.72028361295821,90.1203962514434,90.2332598164762,90.36038419074289,90.51959203351211,90.6610051788231,90.76031042874446,90.91567291458334,90.80703250258674,91.04676916123933,91.22156698964848,91.39917319366921,91.53389378890392,90.65194769125588,91.0850872189306,90.82269766743542,91.9055928480949,91.94781648578052,91.81615378517097,91.81371900038134,92.26602888781902,92.3656389543351,92.52100478574395,92.63318131834511,92.74505564405558,92.87459036562046,92.99991338863012,93.12346948396782,93.23475173316955,93.40028780985521,93.51394089397074,93.62065152241074,91.92658744926483,93.39418156109159,93.89934856530373,89.93404079789246,94.08095507944002,93.93833179429825,94.3097549990396,94.44116035256565,94.52090999387367,94.57222867303379,94.74239397684558,94.77932109763309,94.9447670942307,92.31618186763538,94.84196968338217,95.15099565177047,91.9606968163376,93.9686823538124,95.37061335316723,95.66547397241195,95.26040633430335,95.91518042528106,95.98435954126424,96.08468409507108,96.22036677917994,96.37909065541842,96.42559769150473,96.47572887713412,96.587824060599,96.36271008056687,96.32101293824452,96.65997723605801,96.97275528084559,97.04313276099106,97.1312650421048,97.28029609092025,97.41914636040778,97.42985886602388,97.64676795716488,97.76672994511212,97.83740928124823,97.91986895260442,96.32947448422432,98.1132770067065,96.84195994828805,98.38331940285447,96.89791426509316,98.55215072477746,98.57762472468326,98.66174954139248,98.70811366634975,98.80767300063955,98.88415689746805,98.98714966425328,97.79971199117675,97.86838123051727,97.24049543662835,97.17194472895251,99.308021105013,99.70503548714403,99.7317342385219,99.80298137885788,99.91444978710561,99.45502290487455,100.10270010113733,99.0796824925384,98.97386112078193,100.33585495580172,100.38641687816792,99.76665195181808,97.57655931296323,100.70616709616881,100.55399533661571,100.5031672226405,100.97072287883216,100.46445086620332,101.25531077378727,101.32763058016216,101.38907007855445,101.45929086335558,101.58661709314087,101.69822428361361,101.82952071508927,101.94315735907948,102.03981473815583,101.62999270939294,102.24386683046066,102.34306310755306,102.44948602623806,102.53753277953959,102.71829510112343,102.78186944156123,102.95010379272672,102.99447369924745,101.60543336160094,103.09940789485138,103.35668866123268,103.3997790204412,103.54600156542348,103.62770913997107,103.79039712581363,103.86336483528295,104.0272293193474,104.11683390160323,104.21633304308143,104.36573527294283,104.46163339205557,104.58079007203267,104.66287822091033,104.64425269764655,104.89093211649374,104.98903573006837,105.09402752805205,105.1985085603349,105.28012947494301,105.40699657170016,105.514954369065,105.5832661382321,105.69751080564524,105.71799437825157,105.44911083380407,105.94597499236885,106.0569684959165,106.12050963866274,106.31505412670347,105.79952196119777,106.45238478292622,106.52527963534918,106.66804261106036,106.76137747907647,103.76353436364377,106.91984389999756,106.96891848530892,107.095891734631,107.18706993963721,107.28397568980638,105.94389301469162,107.51317371923776,107.6053128161077,107.67954275013824,107.59513937483045,107.84192594093119,107.91472908638927,108.07462225899158,108.12253810090911,108.23731903797645,108.28225219373441,107.9233842839101,108.48783122582134,108.62893645659783,108.18116743256077,108.71984628964871,108.87485270616334,108.6789591478134,108.88177813974197,109.15436063176071,109.25890573973214,104.73382717885806,109.34556671795353,109.47709539515435,109.57723008348086,108.96917221920049,109.73873973061377,109.80038179430149,109.88966332545114,109.95712558540629,107.39796744263569,110.2049828112063,110.26267921584574,110.38296441338316,110.42917878016965,110.5531718870974,110.60774999976763,108.55712784517391,110.81098137026065,110.87878772921474,110.93324597896812,111.07622669048662,110.99148619484077,110.96419866213137,111.2944260321412,111.39696420593471,111.53362566759802,111.59646132366991,111.72378454370471,111.11370660384534,111.97290690247004,112.02075622717638,112.16345942991967,112.19271950184141,112.34442207416713,112.21300941861804,112.46629492809622,112.66517628398623,112.70187284399695,112.5816893070599,112.86929420008656,112.93209310052168,113.06241159597784,113.15476976159633,113.2636524504833,113.31119517282576,113.43794838962611,113.54976573165274,113.68920097861837,113.68806563377882,112.10428914029242,113.94415088538952,113.32761035926328,114.08210671879903,114.16756147205567,114.18295273711489,113.85492150942366,114.37455518152954,114.42879708362976,114.5991494036791,114.65818812241378,114.70525618787397,114.92525399953573,110.62751510949816,115.08141108428735,115.17079330126782,115.34871043686604,115.42981756334501,115.05569754264683,115.61521804094515,115.74812761436513,115.81141524561598,115.8437867672654,115.94377860738426,116.08022423568877,116.16801824880646,116.24595689983398,116.38354062351884,116.44068269235316,116.48411906484017,116.5436787119618,116.70613601104148,116.84931209945147,116.87995067607564,116.94434749851465,117.05042120031229,117.02214065530383,117.24955917712289,117.3309265931417,117.45036238297436,116.99042776368023,117.54610334612629,117.43400301652844,117.70734611648513,117.48614971361545,117.876108489911,117.96453889935869,117.84634822627525,118.09957706643621,117.66473617822844,118.21383452788157,117.29671393852554,117.98557936502743,118.32500931830326,118.4200617510165,118.05704608669043,118.60463474884567,118.6734162485011,118.75493684156586,118.88206896078599,118.97945494851295,118.95713014452437,119.00824156423498,119.21577965361509,113.10540544297501,119.07637562988609,119.47573610090674,119.5965181684874,119.69384145823426,119.81771577784023,119.92553187717023,120.00493086745053,120.07092603540376,120.14367850457744,120.21186258412027,119.56831929772567,120.35340333822532,119.07053545241537,120.51789047184059,120.51966470432261,120.21026457646182,120.23967972536404,120.4582201910697,118.91258460271374,120.91279598838875,120.91906227408988,121.07103345670667,121.18236795533362,121.06449741052268,121.09300200940164,121.42857861640015,121.54769142614052,121.23460949638553,121.7448990427318,121.79316715765648,121.880713549782,121.97514717228412,122.0473113702265,122.12762500109385,122.27236963508135,120.02288833646172,122.38506044409367,122.4797584370247,122.56523171023237,122.68787396126564,121.83580454473139,122.72738595245315,122.39631792088045,122.58487225219943,122.88629808206613,122.62146436155346,123.04541325771093,123.0952276580971,123.15626476104941,123.24719547704801,123.3643677419102,123.42414381673387,123.5215005638122,123.31465462889892,123.6867614216715,123.75357453095206,123.68695486685498,119.55885755007348,121.5056012697855,124.00278910573803,123.91053269494398,122.92355346768144,124.18848334634536,124.28223119892445,124.34998903414692,124.42856005192698,124.49799958732316,124.59503373038004,124.67450434441169,124.3693997685357,124.83191681239627,124.93571393710221,125.02165381304972,125.09236811047619,125.10169949223584,125.29720402206529,125.42451927426283,125.55380817507354,125.61044100992005,125.73135822312547,125.75497642962223,125.67702733692862,125.917604548123,125.92456022242149,126.08986434400093,126.21727146143368,126.29021496759687,126.37520818563215,126.48914592180462,126.52971517807342,126.49681094783217,126.70495570250276,126.82841006078867,126.82856453628116,126.8749230219736,127.02407829583217,127.11859239769039,127.23465005107658,127.32027980979463,127.40152154694952,127.45678477350438,127.45141775975283,127.6262572931112,127.7163125643678,127.48532654744454,127.83539439995758,127.94816045213099,127.75596566715534,128.09347322668276,128.16299703277252,128.22461979351814,128.33054038374118,128.3912520005566,128.4791748052609,128.5360640696361,128.57142325141754,128.65068428745633,128.8280669117009,128.86586480158243,128.92354979508582,129.00546457178564,129.09367105789804,128.78410890928814,129.232842427782,129.2840517994373,128.56245588528174,129.44596280322853,129.53361836102607,129.54632854949503,129.65368736993724,129.77877472741045,129.90249413521425,129.26771065858014,129.93872376064016,130.02144943699497,128.91007413957385,130.21119316357897,130.2355686693756,123.91554728487772,130.32757349516123,130.35647364392048,130.3803330984497,130.09132479811504,130.45828365780594,130.52225076992673,130.60309865860012,130.6414661686985,130.72903616044425,130.40306633004795,130.68908923119312,125.67199648399799,131.00046582193278,131.08632280314006,130.85940394927775,131.233456374642,131.3698299835305,131.4585964605561,131.5690043473119,131.20831816687001,131.7436762831737,131.78857108445717,131.820303666768,131.8579889247896,131.02224792611972,131.91854860234955,132.0204017032675,131.76008778606348,132.194150465742,132.19230713014838,132.27988586944554,132.3588708870855,129.93058207088086,132.50231026748438,131.94824307395174,132.6199408771465,132.67034302181943,132.54659640149134,132.8339208308811,132.86937845749392,132.97488374614286,133.00655138317398,131.96070587892146,132.96169007570262,133.1394009130878,133.23631465065083,133.35303156193658,133.39633086263385,131.75071426625308,133.4940438183704,133.5349763012265,133.45538691782875,133.71906284999372,133.75499779709477,133.8256789987077,132.74607609476266,133.94797120365544,134.0694013550906,134.1893514387619,134.23254937919125,134.3122139767052,134.38217670816232,134.4273875629843,134.51307375734095,134.57477483521626,134.6205401383124,134.6793258694821,134.78473005057347,134.85076350335913,134.94197944606066,134.12133239836513,135.04828244226533,135.1494476154201,135.19660780484372,135.274436595679,135.38955400290666,135.41047921933549,134.03997580474888,135.04342511893262,135.56723597389956,135.62292467709088,135.71074790775847,135.46345667678438,134.07840777136346,133.44768770898455,135.9036067848416,135.19086186655971,135.9663230931168,136.0259973080662,136.14307255473145,133.83591034093578,135.2776521012955,135.59619821407523,136.33348760521568,136.44898615198042,136.17980398514823,136.54135042249493,136.61177112297338,136.6555863583961,136.74026448811222,136.83100263649987,136.89009424896187,136.93753441088134,137.01743858010764,137.10393174614453,137.16130632410045,137.20041439268434,137.28758929283484,137.3731095849055,137.3553883890039,137.44695864568544,137.49439939353599,137.08175559144453,137.65883906744335,136.40760080922803,137.7861617013137,135.24339360183066,136.29365078034118,136.58028921789486,138.04436410770197,138.12554922885886,138.12554696039862,138.19536689695423,138.2864156368535,138.35825199258707,138.46079651255877,138.2723137957986,138.54283543022456,138.5814620555206,138.6918532960351,138.82018376731835,138.72183591463008,138.76840392120604,138.19268980184563,139.0804898051589,139.15969973799002,139.20342159888935,139.27839241025706,138.87709749729572,139.36163819895324,139.4515257515602,139.5652393428362,139.63792970460008,139.68206708145559,138.36480002634218,139.78565476003334,139.83277501739994,139.88525561491664,139.96697850672052,140.00574927562934,140.05104371541563,140.13507837753608,140.19270368163532,140.2476735704246,140.30858845351042,140.38840632156524,140.41169175318512,140.458934921845,140.0869659417302,139.79294140777034,140.67373252355847,140.7568854034193,139.85259187491164,140.93008862654096,141.01835270340706,139.18138896602935,141.1232209873005,141.14731085272214,141.2089615710748,140.95180305420104,141.29231442540416,140.6978777651192,141.40516480343632,141.2495314755255,141.47225468402098,141.60682122806827,141.626363907708,141.6921284313447,141.7513024970166,141.8908809817599,141.94870220751415,141.55055969420368,141.8552856513534,142.10572898208878,141.9209968545447,141.58799463025508,142.33042772080728,142.41075102220347,142.48468814569088,142.5069863168772,142.5463449914486,142.61050369556065,142.6768446073669,142.77179170748008,142.7643529937063,142.8322694317359,142.8699005946075,142.9602245310054,143.01744892689624,143.04667739126396,143.1235659568746,143.16161710891288,137.73405897629453,143.31152037092724,142.83566094078245,143.47244032193504,143.49899823332103,143.18349333567983,143.55415664367712,143.62021941019253,141.07736662676945,140.18659229005996,143.76996870697891,143.34369806993075,143.85206841211883,143.41108482851345,144.01513351958067,142.4146167951734,143.66214624942384,144.061276758217,139.34546705138317,144.16595480630463,143.8574570161136,144.15872489856488,144.38840309940812,144.45907130195266,144.54114346569784,144.62507704041295,144.68308659762394,144.69420742209329,144.79014479782217,144.80891279093277,144.8454867369724,144.96417279078918,144.9677341491253,145.07491072503194,142.5923859534033,145.13582998833203,144.76591223149828,145.18455435082242,145.268989643029,145.2873545651109,145.34069323440949,145.4992288045232,145.53200730582338,145.60673524389293,145.66431385072707,145.75514836038215,145.77313585655585,145.85188127227954,145.93394706617545,145.92820761528105,146.0137480315995,146.0807592107093,145.79023823281807,146.14712549978154,146.0119936005682,146.29823849873506,146.3469586041784,146.42533664803847,146.48607971393588,145.1951988630478,146.52592074200467,145.77158411022563,146.5967927341968,146.57912137772112,146.66012810166777,144.59112390264863,146.7844710245571,146.80614371707682,146.84417832827074,146.66156367194412,146.86396033031852,146.91118387036028,146.95792724980367,147.02209340113706,147.02048152590342,147.193293384097,147.2326363338076,147.27294517582774,147.30840298998584,146.80479813960994,147.38930367404208,147.41458636610065,147.55654228574718,147.6270707000671,147.67518809887872,146.04179861974026,147.77219779769237,147.83789724781508,147.75564437078202,147.85879982363,147.90686235540892,148.01152545023848,148.096191759398,148.11878339396918,148.2115792556432,148.24021191854482,147.55708057782195,148.25953364489638,148.3695183467322,147.93970640104268,148.45951282685132,146.49327485573755,148.55560624917723,148.56004463136622,148.60224141978276,148.692257439154,148.7772942663697,148.82582118405307,148.9272487814058,148.49456028783553,148.94442690035146,147.99372305251418,148.794028570648,149.12145182081954,148.8107757661403,149.2610985949894,148.72193574171388,149.33486651878923,148.56806128685204,148.26662649362538,149.14566683270857,146.38695382572965,149.5579565005031,149.1292704061183,149.58536411291718,149.60367408139402,146.94096523753393,149.78468945381934,149.85731975652604,149.92716540386547,149.6829418943722,150.06858846572862,150.10699807628987,150.16306502145335,149.45755617469914,150.2877582239941,150.28610485149298,150.35092655182734,150.34075707423597,150.4154600522903,150.45809933887006,150.51573280656356,150.52988810173204,150.5474981977386,150.63923255620438,150.33429164235903,150.69546104393626,150.72250182730184,150.74195806195266,150.59438456120242,143.38363345521657,150.90598978900195,150.9329904210598,150.95303460093933,148.6406061868599,151.02722943294117,151.1189230028289,150.69438688458112,150.96573972805913,151.28266040519395,151.2868674704393,151.004009850349,148.9092286304593,149.62639120690312,151.0904425980949,151.5166588061277,151.52069530830835,151.56509968097427,151.60691356007203,151.71491336102198,151.78843848836084,151.64316617733877,149.4777493316758,151.9026065611076,151.77280393748433,151.88166459151495,152.0493758649029,148.43327618785472,152.11758806812736,152.07170798694676,152.18012144583665,150.79178290576647,152.2942151516093,151.7337252901891,152.35902810262908,152.385527883966,152.32032276415728,152.27620238617266,152.4112837884582,152.4630291032199,152.50637970509464,152.59274156549898,152.6602591293317,152.72909096166632,152.7832156323063,152.8275177384955,152.8767473629336,152.5731363549974,153.02198778814733,153.0767152756606,153.11483957833468,151.73228517448857,153.25395526569233,152.89558359074354,153.27801608461593,153.30746842735206,153.34455512598672,149.02612343949082,153.4572421877319,153.51948062307017,153.5463853151867,153.61617242869238,153.2265128208471,153.71909180816684,153.73453511949631,153.7745147783357,153.84144615784763,153.86302084469335,153.95654302291456,153.085304166112,154.06672539464702,151.84496934086542,154.1424489544984,154.2427423393,154.28284722764639,153.9073971283735,151.40862685155102,153.95552860989025,154.19355085493513,154.3852876368055,154.42220596518823,154.4379135416915,154.4962979583672,154.35843626374475,153.5311133910844,154.4735805373157,154.63282964349534,154.7493506693214,154.80585505050783,154.89602385385413,154.4787451509108,154.93648512722805,154.3662561638156,154.98434617545857,155.03619993433594,155.10828214872956,155.14415251247482,155.22642880230777,154.3421590536397,155.31056534072823,155.32230405579526,155.33021894331384,155.46022988531536,155.5263143074011,155.50932788529107,155.54314042578298,155.12375867365387,155.62862100200684,155.64596479372344,155.4676212641543,155.35491984126577,155.81871361988937,155.79444598890024,155.4609759923808,155.80376648376844,155.83439348474283,155.79846206122937,155.50293822847718,156.0140624801387,155.80267365753826,151.04530629573506,154.9391457349827,156.15306859173344,156.15218115651777,156.15234578835307,156.20056113349418,154.73483584063365,155.99497615005396,155.67134772809206,156.35897384401613,156.4104414664224,156.4761343948958,156.55874577788492,156.5676920649312,156.6621269627657,156.70774544003592,151.91618969724482,156.78759071600822,156.7974345188803,156.84887194165083,156.8606969797686,156.7704183391584,156.9960279496626,156.99967268729907,157.045375491961,156.6951351096907,156.77485233322432,155.89614078230161,157.07647090199285,157.1247060034127,157.15398988403805,157.19899657239978,155.20126181078243,155.46151318691486,157.34289836131285,157.33761549814676,157.35685782619936,157.42869511484125,154.97854515216503,157.4998634233957,157.0614447616509,156.3266762704848,157.52059234121063,157.4943533477237,157.5639375514177,154.34555986119437,157.3725123609579,157.65589575633163,157.60082552980694,157.75042008024704,157.78447498064838,157.87466183779497,157.93089822519008,157.79307160340997,158.04863338413077,157.0131437607627,158.07703790110395,158.1211903575185,158.00152633913478,158.1923846473867,158.22931898636875,154.81845843052605,158.01082834799064,154.36704975968445,158.2764255647969,158.32150984622643,158.3987475846974,158.39808524494913,158.45994841186194,158.47753066225687,158.54779309076739,158.0617941869293,158.66635756785382,155.82792314369345,158.74112170933512,158.57734669358226,158.76363669125453,158.81292115253163,158.7940422609019,158.86259371985048,158.8792774916685,155.25095071232693,158.47638310823945,158.82084964561673,159.13026867602508,159.1413967830099,159.20576825323286,158.7701419224775,159.327232288906,159.34231152965103,159.4126696078149,158.88802119148957,159.00283495457666,159.5255135595821,159.5323561613925,159.56849542135768,159.36418777096975,159.57580303609132,158.61535877499503,159.62700055372085,159.65585902482889,159.70905608961937,159.20734857153988,159.7736100138188,159.62366941687887,159.56554004306014,159.87680035852722,158.24290324372512,159.8725242819852,159.90848852924404,159.9618268971489,159.95751796308357,159.97932374530188,159.40307250201187,159.98815194934502,160.08583997135224,160.1068801100796,160.1758881923859,160.2110211253507,160.2896341885994,160.32060148485834,160.3772098340802,160.41655245231388,160.1610162284041,159.71823021819387,160.54432277674934,160.55569273257157,160.48368381241505,160.64153266177442,160.6628185371307,160.7021884684221,160.7360984431672,160.33084790493572,160.49606087155897,160.87212728686913,160.62619806242608,155.16740643691608,148.83827863015784,160.25097827959902,160.76412895511731,160.8399890330305,160.8553127857284,159.78365733552604,160.8537269091299,160.88665851488244,160.85267615203412,160.91332882934847,160.96181347239823,160.8621954819195,160.99801779962002,161.04057590537627,161.10202630838205,161.16702452313254,161.23442028835328,161.30126662918022,161.36166549364404,161.40614862101404,161.38801217700737,161.44197935615148,161.47965304961818,161.3796642848539,161.57491102128958,161.65188657437096,161.3315668861439,161.78707170978228,161.89077662666003,155.62208164915944,161.97778748295627,155.9177745546227,161.94095964074074,161.99096578838774,162.02758135459297,160.50251592028755,162.10365347592608,162.1449953311323,153.4005035943531,162.12498529093614,162.18736075781248,162.0028122741312,162.29663891691723,162.39370003345977,162.38367792577532,162.450056033146,162.4864094079088,162.50887482539954,162.51704521780064,159.69504318498292,162.56186023429092,162.55945565538443,162.5668767838276,162.6559058340533,162.6772811975339,162.68586158020938,162.7453389871028,162.75973497183506,162.821166346824,162.58137615859246,162.85944596837734,162.8887824946748,162.97544104294144,163.03313724017502,163.07850741494536,163.11136064216112,163.11684128540907,163.12110421412478,156.84305705062897,163.06948835149157,161.32762013113745,163.30307041172964,163.3610771130162,163.402498903956,163.34666868180443,163.4748414482002,163.46510937157552,163.47055182767926,163.5049086358609,163.51925659631303,162.92074926950204,160.70432056489642,163.48430195525583,163.52371156064595,163.5384042798906,163.32037727089357,163.66667693226628,163.6369481307958,163.76316227935038,163.8250655987453,163.85056484485077,163.29532752151593,164.0126311150898,164.05247042382896,163.27735308400935,164.08271976705177,162.36635899613736,164.16243917548593,164.22441475571497,164.2869986213053,164.26318608825693,163.73169728018917,164.30218729852476,164.41762040843173,164.46314559876697,164.32383670874486,164.14552536519574,164.54423215179767,164.42807449824414,163.6694000906586,164.63505218277214,164.66392318415993,164.50407090729996,164.7405997549269,164.79256003741122,164.67374181055786,164.44738594065115,160.41222501642963,164.8890353614458,164.94512586619675,164.92476734640675,159.71085915522553,164.99947250007452,165.02222732988963,164.9563414340468,164.85472678343186,165.15915778470404,165.17000301820912,165.22607023558115,165.24348818191368,165.29936781777843,165.37556456143068,164.70892223814658,164.9287676670085,164.18813496052155,165.45114612336064,165.52252591252352,165.51033414065824,165.54870503875426,165.09846807853506,165.63703251525632,165.67060475969856,165.74051434558794,165.76259976715062,165.28076615313014,161.70757279573306,165.85068055622207,165.82154015583697,165.86011186120885,165.87741616515802,165.88508892462968,165.93197827991975,165.9303770015503,164.2387678113084,165.77572349638015,166.0453005918484,165.21634254497215,166.0193118179771,166.0656843330726,166.07816660920923,166.13995291399942,166.155366258229,166.25221606366344,165.9607323679084,166.33051715552344,166.35022925953618,166.43463316045558,163.70092082959928,166.4490710731005,166.48904078030444,166.379572829299,166.54656604025888,165.79859649465806,166.03162812010714,164.92202003870642,166.64474862998054,166.71586455095795,165.78346943571634,166.70132540945525,166.77104736614677,166.77512412215546,166.3480765115039,166.55663530422274,166.4241714239187,166.9382828411731,164.1220409346242,166.4800589060972,166.5243093065903,166.92386881066997,167.14098005485204,166.91714314454734,167.1848308126196,167.20584717978477,167.20690444810305,166.77640857310564,167.3015103264867,167.34222282737676,167.26061768917148,167.42749348165825,167.38448792488654,166.5204529545968,167.39765119439508,167.39006287418687,166.56670770725984,167.39113217811115,165.82285760480488,167.23097536262011,166.6826105656183,167.44667289529173,167.47663238586546,167.51498291491905,163.4005599055648,167.56504338652132,167.595730040323,167.64537673974772,167.64699257906122,167.62157246691902,167.6367544621586,165.51461234768252,167.14885031232308,167.49968567919785,167.50412384759494,167.51595486464493,166.66534947955594,167.56098395641948,166.3765963873795,167.64900291596294,167.63603816181038,161.7238125714802,167.63742833644955,167.7118811970793,167.76774764803883,167.80603234668598,167.0750260486338,167.73075257864153,167.92734084154586,167.9647770931958,168.03132172414072,168.07933477426604,167.95438342954344,168.0578439247135,168.04695916401946,168.0874640714671,165.60554831844019,168.1139682058054,167.63538400021196,168.13255883029845,168.18625331417945,168.20843720617336,168.23957492010143,168.2297249068123,168.20485043157151,168.24815921784108,167.80154364092226,168.31950688374454,167.92901609475823,168.40094586030463,168.42085214588872,168.494862840967,168.5692883182605,164.4388898102829,168.553905685096,167.8625427339832,168.5674356667628,168.6030956998131,168.63842206751522,164.43297313186767,168.6653696578632,168.67125465234673,168.2872095297125,168.44416069598915,168.6710298905872,165.46988482528008,168.6982375270794,167.26664978531056,168.71113686997285,168.6962354949406,168.7518364641212,168.80125096044048,168.84504627003426,168.8343194348488,168.85287073053098,168.85558807201457,168.69257900100115,168.94339214585872,168.98874543353128,169.01113816138258,169.0538604655376,169.07118311977973,169.08757493905003,168.85925190450422,169.18107973995083,167.27854960215663,169.26905324861195,169.28008018687856,169.2653121535131,169.30403856530418,169.14889354366613,169.3365164299265,169.34621616325626,169.36927018667828,169.4064330346588,169.37444647748475,169.40430267011388,169.23056718817932,169.51235855340445,169.51740264242443,169.46396673791344,169.5885949748149,169.62825311613742,169.68357311395255,169.70410876994768,169.70041178714473,169.72583101320177,169.72023643928614,169.7119162139009,169.76150884499188,169.04511869240642,169.83364228996652,169.0453912204114,169.87026819327488,169.33447510367307,169.90808404530517,169.7180219392824,170.00209787815731,170.02174872741097,168.26220975174937,170.06155698902433,170.10199264191016,170.12244299609796,170.1846290329072,168.78464445237236,170.23942401390806,170.21323647228346,170.2529929998244,170.23811101195028,170.3300335871346,170.2500050053225,169.78274196769434,170.30499973543155,170.39770850964604,170.38988399931154,169.28468722721658,165.3193089802804,170.41939296353618,170.4292933122482,170.42461358400547,170.3929436478543,170.4791929157286,170.44880556581515,170.51633909832725,170.5808559476826,170.1860176307816,170.68236293375008,170.71283881583628,170.73505257442082,170.75421164888317,170.3422058198065,170.74063867075097,170.6282607374141,170.77864250544744,169.0407134188611,170.8573273462769,170.91361689806482,170.7673050723066,170.9520071467597,170.99809556407666,170.82174774893178,171.10464857102335,171.13807500485123,171.14953689395037,171.2135739104756,171.1982918100236,169.6962715026905,171.25500963948502,171.31209994331732,171.3242792094617,171.34810182112983,171.36294376524305,171.19854470876302,171.39883113815733,171.21541783330971,171.39532218167764,171.41906992985062,171.3991998368428,171.4429741423397,171.12100266881995,171.47726130521198,171.47884820694594,171.4990055421169,171.484034098205,171.5197975775561,171.05367749360434,171.60333131332752,171.6182498340985,171.65302099654488,171.71310135342526,171.72877794504052,171.72950918141944,171.75115583955227,171.78780300912734,171.81101758898174,171.67892287491193,171.88633711570122,171.75415087296213,171.94918621524246,171.98840272546656,171.68036943311327,171.5873612943158,171.9426869206323,172.06722171826516,171.02540234403807,172.1482866858962,171.74433188688676,172.20880305757711,172.20063370702442,172.22312404161318,168.7938851105588,172.26346701632164,172.28587239007507,172.2854662581984,171.4652233760697,172.29905499693018,172.31148377350684,171.36064631034256,172.38735441825995,172.41613923331184,172.42007300116558,172.41632494152785,171.7325493408195,172.49908912950332,172.544957846522,172.5844119682513,172.55311764808138,172.56369816490482,172.39665027495653,172.63364886617927,172.65396159532156,172.62697377186456,172.6728788951613,172.2865453124705,172.719608478619,172.76489507698514,172.82800012103752,172.83300897956175,172.84879779604546,172.7615658074268,172.5453185670093,172.50889275197576,172.90851007276905,172.9092781904342,172.87213837994153,172.42767894616227,172.9043141230348,172.93761394589686,172.9706042816227,172.97287522392594,172.99439789741933,173.04301956449223,173.03518091671145,171.79351588984937,164.65002620909428,172.96116520075887,173.01915374664233,173.04542047918878,173.04081846541467,173.09311814779318,173.08119685724773,173.11817871727,173.0648670688118,173.18857604095675,173.09513897042743,173.20947417643805,172.94013490511,171.57528836524912,172.87205517441765,173.18825559845433,173.1998406660493,173.26239138500412,172.6624203393707,173.0967761974475,173.27775537734357,173.26689849793746,173.0841648971626,173.30959215808846,173.31234091989373,172.8826120004622,173.28103412816793,173.31761448762936,173.34147257223117,173.38388876651848,171.4629688405587,173.39671168988713,173.42896965605064,173.4622651993943,173.52536839897354,173.48296757353026,173.15635284742385,173.65443050685082,173.70185005972724,173.7049294243327,173.62173717482716,173.76443185567751,173.61789309671005,173.81075835295258,173.83718596993512,173.88812125612355,173.86727701491137,173.93323227779914,173.9864125157901,173.96971247217581,173.90519223501462,174.06952036328633,174.0356835146231,174.13633180013338,174.15331920421426,174.1529865900486,173.95901329803957,174.23983601074062,174.23242857594616,173.89519611152696,174.26151292498125,174.2548002026744,174.22728593121892,174.2657455620993,174.28539887614699,174.21143079649391,174.31666092594506,174.38953756505458,174.4025937459371,174.4128663681508,174.45445990287598,174.48423601555248,174.51795744867712,165.14404932442787,174.49926985421405,174.64977418843338,174.6316332558662,174.64381532773356,174.66173913842775,174.66818023982427,174.72630754738077,174.72936647906647,174.7749348862233,174.79281794630134,174.76594878160103,174.80026947660096,174.85406378423676,174.8840563957921,174.88920036833014,174.90792897910904,174.97372427456108,174.9821621504625,174.96207742656367,175.00200632835447,175.04072049017736,175.1056046659506,175.1238085269905,175.11469025768392,175.12379617055223,175.10718969684797,175.17887596387402,175.1656508224196,175.10044875788623,175.07463333061102,175.1964344452917,173.63320382052737,175.2150209452323,174.89358981561745,175.22608980492313,174.89201715570172,175.2202009102333,175.11155127673948,175.1328458952724,175.27567125000255,175.3002963436217,175.31004863753236,175.3119056091875,175.30223602442143,175.33598348022076,175.25582176963366,175.38157051721927,175.3815527637009,175.31876377915356,175.4425702002916,175.4839062440192,175.51028494845718,175.5355840456912,175.2801215385331,175.4126999737274,175.57168160777408,175.13341558927186,175.52183077645637,175.57298323152207,171.48062175001803,175.65932637228588,175.6333603841436,175.67793417871064,175.29134553543798,175.67030025723514,175.73982337057933,175.71784962088904,175.76793057537822,175.80177239738055,175.73259629177124,175.57874617419688,175.7512136583273,175.5455286909066,175.8004140815597,171.88988987892074,175.82602758834807,175.55142479051645,175.8514323552678,175.89276598689804,175.9098816722925,175.99449814875956,175.963835098531,175.35600997737427,176.05671728347096,175.89893026888782,175.9011255134009,176.12378166192588,176.11814796147635,176.14414618489656,176.1638328628681,175.98309002608568,176.2436369689319,176.24526046678486,176.26844605747704,176.29016690222093,176.3289673809673,176.33120369090628,176.30775258305357,176.35624492672756,176.36611054277301,176.0601892113026,176.3257044613752,176.34311663247226,176.34113502884912,174.73857846773817,176.33885791345716,176.34620757263298,176.32428501305438,176.40224041395498,176.00177608619484,176.3819847216825,176.44686884525595,176.34955224402316,176.48970994302766,176.51830591795937,176.22026207397954,176.1301937151208,176.50272865525216,176.54617689277137,176.5474650423317,176.57528995569874,176.61359453224074,176.61613015155325,176.63463385885157,176.67614817320955,176.560708312975,176.69623016421042,176.68782419415405,176.67143063127858,176.7355347587716,176.72957896012088,174.92933800509974,176.80587186105757,176.7259942831401,176.85094740125106,176.91444523618267,176.93136798216324,176.1544961534138,176.98895154698215,176.99918142958373,177.00887353791026,177.01478051003215,176.73719293363342,177.03565891377752,177.00511704833733,177.12911871817656,177.14577492398413,177.15440093117525,177.1482809912464,177.14468742025306,177.1121268950713,177.23422669610062,177.2155993160149,177.25412986551032,177.22637646176958,167.72066622346114,177.34767222522763,177.3307839197391,173.93386716793947,177.31995032148504,177.30080910155704,177.3453086221211,177.36278296032245,177.36703802540885,171.78000548556028,177.26449535457357,177.38079608469286,177.4096078197996,177.3766427758398,177.3888599313195,177.40471735938718,177.4280725590819,175.05947070166008,177.47792322337148,177.54685403696803,177.5409183271307,177.5838170431441,177.57567913322683,175.37893721100147,177.53094318284343,177.21551682670122,177.65542702991547,174.45324197324436,172.94919138438837,177.3099811552022,177.7207143212861,177.73826873866264,177.7591209260825,177.81009879299182,177.83443023232144,177.83569627856826,177.83577698802713,177.85889410406745,177.89299393245236,177.73909718932532,177.8818884914313,177.9271264437463,177.94224600526724,177.98130609069088,178.0228560156016,178.00289820954805,178.02546293312182,178.0110573925773,178.03755160609876,178.0597913608229,177.99160258409847,178.0616874835963,178.08446680496482,178.09209491115504,178.08825170571671,178.10643215796347,178.12068400436033,178.11482039579977,178.13082301962746,178.14303327010117,178.15216481328028,178.1839020454325,178.23442325449062,178.252887647378,177.73923529109678,177.44360673203497,178.21860090345663,177.32300043126185,178.15910030396017,178.16335914992808,178.13594816117686,178.09309807561215,178.16808459530287,178.18584609272773,178.2337062192656,178.26340286503358,177.02006379867115,177.43745666123303,178.3110260840215,173.3333509267458,174.95934976995295,178.3469664518643,178.3522151636849,178.38092850790207,174.9233508137592,178.41396679438492,178.39903891390966,178.32856623986666,178.3176707088108,178.35539883807766,178.33555706988173,178.1982034199442,178.32433794526688,178.34435940878544,177.8921858912662,178.3360941338301,178.39148451253496,174.40308920472935,178.40886909456418,178.44655422329998,178.52840319569032,178.55177633896218,178.59265293395825,177.312955880851,178.61174404803756,178.64775319183772,176.70479202834096,178.68526073936513,178.71046025912136,178.7180202454455,178.74774168525772,178.7193445089808,178.72815812686807,178.04643319705056,178.73770549907874,178.7392607828916,178.778339777687,178.7613120789104,178.75115356410404,178.7509827161191,178.79129294833774,178.7996328264787,178.74895697060512,178.63179856760482,178.42446773924314,178.75954097623,178.7651098563314,178.64761156875733,178.85659366955718,174.2746185134048,178.8964814500581,178.9344261982215,178.46138924422533,178.94635402813188,178.88070086639735,178.93225476822263,178.97403228513286,178.96112999963768,179.01137360172206,179.0347723024551,179.05231397935745,178.78361607851562,179.06721132861296,179.0773395235502,179.08189428643226,177.2319193014772,179.04950878355996,178.40532533220386,177.98470177315278,179.10018859225966,179.10398290932812,179.11182343013508,178.2918185208037,179.23172808347988,179.06133108908298,179.21944466925848,179.24109340512354,179.27250679304944,179.26847229833086,179.310549492563,179.302513187913,179.33473359139,179.366319262134,179.41743126768682,177.46234566041437,179.39582102303976,179.40276064230468,179.39845987263112,179.40331541677762,179.43036503102488,179.43792561471383,179.4606566262105,179.52129477839094,179.54084937042617,178.88362243832609,179.59632146863342,179.30208890163766,179.62755484909093,179.65630663361307,179.59574420423155,179.71536355895998,179.73620849518045,179.759991265053,174.44565993609996,179.8555314634799,179.84901805949622,179.89516819887584,179.9226339208908,179.95435632863777,179.9948741526713,179.97147260913033,180.01148517583545,176.19313551165445,180.00441677512083,179.96445208773284,179.9505091837723,179.9832918496877,179.09672158042613,179.99334607295788,180.0168394231356,180.00155874228057,180.05578748283168,180.059045820464,180.09551871076727,180.12206442090232,180.1574277723972,180.20423598849806,180.2323953799635,180.2079663072735,180.20574489566317,178.48187950036385,180.26887234242722,180.19912050399654,180.2960466767722,180.30341889405966,180.37443263407684,179.48921248093933,180.34999372702566,180.34872556116085,180.3924818995334,180.41516932628065,180.31203656624766,180.4161515828926,180.33661092989453,180.49874139616406,180.49554710659916,180.4707308782189,180.067524716809,179.5359102664138,180.3940351168647,180.4415867170753,180.46379010441163,180.4629945932111,180.5019681206385,180.50794531287082,180.4985458400724,180.42906168844632,180.5338330891224,179.74222582134095,180.5409705901651,180.55003985168352,180.5570283734907,180.61827857785573,180.51711802649746,180.41513765603224,180.64719628344346,180.6567881584584,180.66224729170915,180.68646852172006,180.66749779719873,180.69592349541347,180.7284896282087,180.72212081272914,180.7706916476345,180.82218331366244,180.83272257581322,180.8574077924894,180.87432988739883,180.9019710900249,180.93047139350853,180.95097027987853,180.9897305436872,180.9869296836861,181.0392900420412,181.0481083376875,177.25802478720914,181.04654253719568,181.0438046920093,181.06703136014465,180.56750212101764,181.08446135964445,181.10622300403952,181.1059945429901,180.9270945429328,181.07734488509033,181.07105180318322,181.0709243037075,181.0951898180593,181.12289742200423,181.13949585150885,181.1850744957454,180.7446642475305,179.5712059478971,181.211628025473,181.24343077990878,181.23918781186848,180.58633430195226,178.1566213422919,181.29846039134608,181.27099318535159,181.28837791703143,178.13608420550943,180.6166898006006,181.23407969806755,181.29077479247138,179.93082335901457,181.3061733771572,181.02080682000567,181.27641887091303,180.89835306848084,181.30477437233952,177.7767959992812,181.35008295182897,181.31758553549142,181.27178106632078,172.28330709174008,181.35478000111283,181.37269183015582,181.36107021276248,181.214898916866,181.351541525328,181.36749010209402,181.3063829161955,181.36133195923136,181.3842506453619,181.4096998963436,181.45832879390292,181.00496406609238,181.48177241946766,181.5219309282993,181.54956765560956,181.24627130649037,181.5723151040925,181.55046881555702,181.0494507261823,181.57782933424775,181.62745132662528,181.65823804244206,181.65704926822798,181.6830052501492,181.5337077458173,176.48924241431052,181.36736078273555,175.56967887720384,181.5532533297587,181.66985397000138,181.7028044249488,181.56698435924548,181.66568668388456,181.3273132820803,181.66910012345727,181.70055849053517,181.2248253027869,181.57082627933335,181.67598274828165,181.6804013538563,181.69113009074852,181.72428781343777,181.7508538340237,181.7716706085016,181.78802127313247,181.8380484125102,181.82076337886372,181.80586817703053,181.82744814179551,181.84239466242983,181.84874486429405,181.86124083337734,181.8708172471729,181.91841341557452,181.90493391208483,181.8920733519303,181.89584033932348,181.9062680943964,181.94991612923937,181.93231988561712,181.9578174231872,181.941928971487,181.98745083434594,181.96821096952718,181.90469443364802,182.0231568730031,181.79257526596112,181.89412148622847,182.00987893080577,182.05576178901364,182.00942128987188,181.99811783873253,181.96313833121437,181.9808728847036,182.00537899471672,182.00563877327795,182.01342962029523,182.03233358038761,182.0081149991372,182.0304917620411,182.0207469537982,182.06283773889098,181.96772868648307,182.09104785014907,182.10938952689924,182.1243431993291,182.13650069603955,182.1265197729689,182.16668038699595,182.17365638801002,182.1680675619075,182.2151102839696,182.23677612609563,182.27107027599348,182.29208497684334,182.2898038970318,182.28118574721557,182.2966040333333,182.09350741597564,182.24996439302976,182.23925449742163,182.22445650675843,182.30652772028876,182.05494797762594,182.35941403698618,182.38302027608327,182.4278786736083,182.42350325075924,182.43687459960543,182.41348211943435,182.0483279185625,180.39423562706767,182.31529109604335,180.38544461009863,182.28010639916653,182.27426937945296,182.02339133449567,182.02600105479004,182.30423460725297,182.25716344668058,182.29849074569134,182.38237390659484,182.39925012617658,182.421352064081,182.49467872905038,182.49426609412407,182.51184694408133,182.53400159066456,178.95570808091554,182.47060607821592,182.5571576524135,182.57232211670924,182.532405652171,182.48285035333697,182.54924765791364,182.54667661411463,182.56380684074247,182.61348938611405,182.6146199270061,182.57348186333564,182.5937295058718,174.5453890558585,179.6258198162138,182.56062496277988,182.5590477985514,174.12774082897693,181.68904987429048,182.5854404084567,182.58697210230795,182.5778095332994,182.52693983490232,182.60300339694265,182.60976481431533,182.63624615061133,182.64324493715498,182.61527035567082,182.63124853304035,181.13896277011438,182.631191217549,182.16696991097905,182.10777726868136,182.33608092077532,182.5495553349219,182.37305140941962,175.63235150205853,182.51411809500038,182.51656696183207,182.55947422239265,181.73372060923583,182.55289441425288,182.55667207384437,182.45469062268825,182.59921075388306,182.47625016653902,182.6069551498337,182.6349687519268,182.5160818026857,182.5897613285872,182.47314170188386,182.5983076553113,182.63739611078825,182.73519110919753,182.80697845338418,182.5425331018092,182.79563149337508,182.83193354377434,182.85695729791126,182.90697856255815,182.94336776576333,182.96567698123138,182.9580026811839,182.9316537665258,182.45201688716412,182.93463297287727,182.9273951503152,182.93443576258375,182.93195936365524,182.7927096680076,182.94165404290072,182.9389417753462,181.72537604987713,183.01289568763568,183.0309281984871,183.04011021373296,182.87438522679474,183.0749339014304,183.0705436282147,183.00609150054126,177.74569975349397,182.99086897624954,182.99699366725804,181.57202593892117,183.00375199638222,183.03473936770322,183.05168879695512,183.11668499859113,183.14070355055966,183.16367084101603,183.1649846063298,183.19052974489233,183.15409647380616,182.7642644552927,180.9444870559998,181.4454802786929,182.23958937707138,182.9219818942579,181.83143813962138,182.73305879514652,183.0610468298988,182.59456010384378,182.15953433747202,183.0852366591877,183.0654240906363,183.09405596784325,183.1056747879217,183.1096615316758,183.18840158608796,183.22526603890884,183.2690081422413,183.27420236848423,183.2987159231717,183.33865653616078,183.33711249393278,183.22042819670776,183.4033218449675,183.37120851926989,183.404942155602,183.43632507529068,183.4147894515797,183.33912746203583,181.40562657221884,182.0510529116029,183.41451291098466,183.42563065678553,183.28678114127007,183.39214687141697,183.42452695343255,183.40820953016808,183.4801165656823,183.47178146731284,183.50660803932192,183.4081731044493,183.5041576464595,183.41698887061094,183.5650901144489,183.5399248180248,183.5763253933951,183.56101989701182,183.46768835843466,183.60760900612684,183.62976964933378,183.54215228960803,183.67129188811109,183.65175671794012,183.6800050698034,183.6961906720384,183.7595409188661,183.76770335090742,183.67878609512607,183.77115760764266,183.67576774209954,181.35863696565366,181.69348790758275,183.67719438552984,183.64487077577758,183.84269900032427,183.8471336355922,183.81042626691516,183.76670300747526,183.77149304951965,183.7773822903768,183.74869200122916,183.74694297889167,183.71042919417732,183.69809161009428,183.73948436265093,183.03353651905203,183.75784034995965,183.76889458855103,183.83895988302393,183.85375481122696,183.7941081257661,183.88596524861921,183.81243274418108,183.75198918939324,183.94565879308504,183.96043044636642,183.92829570628064,183.95439448812272,183.99807585982924,183.93307601507726,183.99125471703158,183.96704426194117,182.89643636495256,184.06600719947278,183.76819002327468,184.08727215684715,183.95857549614638,184.0586591735538,183.5887127676221,184.07914778899112,183.88250515920043,183.71853602401683,182.38807097930305,183.74740362811977,183.51716046862668,183.79969125363453,183.93131491443583,183.85795838568185,183.9140541269844,183.8508739879363,183.97015118871676,183.9944572915713,183.99206052257787,184.02856130185225,184.06532633023738,184.04551555252925,183.97871667896342,184.06663912862513,184.0925316419143,184.12166305096227,184.13026196686596,184.07970250851088,184.12876778783203,184.16178785898924,184.16429465546443,184.14357143863174,183.38667576621665,180.31962800329862,184.2643528678432,184.25571871959255,184.28054450118762,184.29482913990734,184.29687087808463,184.30500279457002,184.33078991770665,184.3588806941865,183.85309153627094,184.3493684855436,184.33717236270658,184.30761160226064,184.3717040871979,184.3214028282716,182.54532416092036,184.32445913696804,184.23297610878438,184.35656801455102,182.95839558667024,184.32996555451564,184.4593529069249,184.4821670764473,184.49957245602235,184.0549046957221,184.53942428277134,184.558473113769,181.94565302892684,184.56221091832825,179.87633229969447,184.52966179977275,184.5256265025255,184.53507398149492,184.5782179121268,183.09880418763393,184.60570835173394,184.62561863513417,184.6694877260923,184.21129482424521,184.68224536510493,184.64985685172024,184.65084119379569,184.64321390704166,184.6483562603216,184.63886354504018,184.60099302158622,184.65467534961238,184.6726711046107,184.30690472412917,184.71651636695225,184.7107599263778,184.704229666357,184.71450384936276,184.7181858786929,184.63058601278382,184.7689037649898,184.73968400002735,180.82605805509917,184.7564876864373,184.77743918535873,184.79905728257097,184.85652241132817,184.87807404314734,184.87818258123897,184.92470860846072,184.91900443600142,184.9491908893511,184.3156753158027,184.91959639557598,184.94278726084679,180.37228560729451,184.96113440465504,184.9334396699802,184.84196309835002,185.00381589080015,185.04358480788912,185.03747637775803,185.09651111249644,185.1162970961171,185.09052904324918,185.1344307828855,185.13877274576552,185.1665472216815,185.18624409286025,185.1749070308509,185.21756557350975,185.27193240033625,185.26500277177922,185.29900228651582,185.3234319948451,178.67663856726867,185.32421901841428,185.32827107144934,181.72906007682704,185.35607495380606,185.35122389021916,185.35417228168615,185.32309253464453,185.38770259083918,185.39109583594978,185.3859035916954,185.3216888773869,182.98449720572216,185.38846449739958,185.41784453479465,185.4364377784746,185.46076169125092,185.44407075595976,185.37908918691207,184.84925130739188,185.4679081382428,185.51835881601667,185.50315466027934,185.474678404837,185.47023012816743,185.49135129969176,185.47819346271467,184.98075714386692,185.28419307765748,185.50245509061733,185.55976590934193,185.55850739605935,185.57095508102566,185.5756858092054,185.57982744600176,185.63291478563497,185.5375890861804,185.5735732666804,185.58029428739968,183.55032056547026,185.6583052355208,185.6230626871204,185.67414010139007,185.67156220886787,185.6784700671477,185.6699751545693,185.64571065670168,185.70395117804838,185.74100951555303,185.63343609480012,185.7345220133917,185.7420078075113,176.2324987019785,185.6416535006947,185.6260956136832,185.61958467255505,185.65481608933845,185.6748598992825,184.9735191191493,185.50828073886237,185.69395009041722,185.67779400749555,185.70989604656975,185.72953732601877,185.69475212134995,185.78616761924394,185.79746456975707,185.8234503034478,185.8817503287545,185.87720389244907,185.8962090366379,185.94914398040194,185.9298997903092,185.96384105986039,183.48289088867244,185.9993714824901,185.9803147795754,185.87965507447686,185.97422584372816,185.9992808123638,185.01175129895182,185.97037074503035,185.2828382694545,185.90788146900098,186.02809748541782,185.9986250035936,185.99233287366977,185.9921126602543,184.60818704469546,186.02225821046403,186.01976671317618,186.0430974625064,185.6650027002321,185.96601756578877,185.93530900498357,185.91405724733525,186.01964880646267,186.02595263189966,186.05059958870146,186.04161150652186,186.07910350436646,186.0501645702379,186.11889095369054,186.10959075343862,185.27329906857847,185.99849655708957,185.93439341572662,186.0772571056023,186.0309112335386,185.63131100545385,186.01382081953378,186.07861581847314,186.07930060533215,186.10411505895212,186.11969444615724,186.11562810355375,186.14709086233546,186.16825147955433,186.05109687842207,186.2187101594376,186.17576444066322,186.21940071905996,186.29350235937858,186.3087006772132,186.3341362106162,186.2906573818486,186.32106054961218,186.32280923829697,186.3228760317004,186.2922185153941,186.31825961062754,186.3210858352078,186.32941777321687,186.3718895871204,186.26246465403685,186.3927262013316,185.14977372849273,185.4554057832755,186.4177183098201,186.37397156745217,186.38506572735704,186.4452483479347,186.48474054520014,186.49682970997387,186.45651928352962,186.53298537514272,186.51847623058862,186.47488053829187,186.55322589371232,186.58590077705384,185.71522016556233,186.58143882417133,186.58315717660616,186.59856123061041,186.6263641131001,186.67740454665463,186.65014082339795,186.59586658470553,186.64590773395363,186.224776550766,186.65126569731717,186.63331908910828,186.52087425728848,182.8752020656058,186.57752447962713,185.5982432458251,186.68600976823325,186.6995943236733,186.69333171532153,186.71480422980537,186.72088251494458,179.006012101999,186.64344075421215,186.703625890064,186.7038583036777,186.76935946073573,186.74239233911103,186.74291170442154,186.81385202610716,186.84485105387665,186.8547164342204,186.89825913736445,186.92113266097428,186.90799748762953,186.92990905426,186.95187609086906,186.93070436459266,186.9555444894717,186.92780497183224,186.9368778982193,186.89899626280757,186.85229533045597,186.89561325850573,186.91023963249026,186.8935340945011,186.91588667958916,186.91642124579397,175.5592147718869,186.95176465576114,186.94037032696804,186.93868619109642,186.97793918150947,186.98442428174357,187.03229724110105,187.00746681064328,186.99841917954322,187.01159689538397,187.02193701045056,187.0789112404727,187.1099913122139,187.09279724715572,187.07323215220453,187.07635666643515,187.08073244296628,187.07189259140668,187.09224972654155,185.55048130636828,187.16889284241876,187.1148611707936,187.20051382227578,187.17232449170177,185.83506442717206,187.1840900343457,187.14957393908523,187.10196109757538,187.16846553697582,187.07108576141525,187.16507931943215,187.15263127432783,187.0681372343914,187.09396891541618,187.19313460709046,187.20837896608361,184.32809102112248,187.2742309596162,187.2516418915228,187.2899873110754,187.19148356345858,187.298476407219,187.3390212092326,187.33138330715065,187.33985297804455,187.36583291426658,187.36744890962626,187.37128104021673,187.2849580798273,187.32915695972594,187.3935648459804,187.33027778086895,185.70278122450247,187.38593807951688,187.37943172354628,187.25102141137035,187.32251153573895,187.35631931010911,183.24064124184494,187.39669777700735,187.34284543425892,187.3831097484672,187.23798342018716,187.40963339072562,187.4076975286334,187.45049098387372,187.45735737925028,187.45130270057518,187.46903637037664,187.46670443530894,187.46719850792113,187.38604923171974,187.52413511779454,187.50530421348864,187.50297116397414,187.52160778615593,187.39158029726207,187.52635226827076,187.56080725095265,187.5499823934708,187.34791162163086,187.56647763398107,187.52621719371933,187.52828206205024,187.5500584068164,187.5425808884727,187.57317157938678,187.58695128964024,187.5647084522932,186.24191867975821,182.95851418975482,187.58756933255938,187.6535933930971,187.49048941593549,187.61038051851222,187.62670883924264,187.5452017912175,187.48362303918285,187.56366630520392,187.6401281337324,187.64471747076456,187.67867559928496,187.64778290782053,187.67991539074282,187.682187210786,187.69158165231408,187.70848705232683,187.6840802637845,187.55044645425588,187.6791323434232,187.6355785121391,187.64934605368427,187.6962902988116,187.7330317245021,187.76892761113731,187.76556377487455,187.80081181714112,187.77131322252376,187.6503942492716,187.8061043395235,187.77514840576276,187.77302499026663,186.3043308152366,187.813538968021,187.78914411192645,187.67894273157876,187.72035994936715,187.72671255313256,186.71338049964754,187.6806481084484,187.68590118968822,187.40048568471002,187.7156215608827,187.7617274357577,187.64546922730722,187.77698864948636,187.79558050845958,187.80469854015564,187.82240162736375,187.80850912504323,184.77222480257694,187.71903563323463,187.7810356364301,187.75527592953074,186.51170868413178,187.83996691203615,187.80876802517892,187.84144250721357,187.85532760875097,187.8825098371453,186.40912457137654,187.8682929593627,187.91005104175295,187.9580788039472,187.43562465046966,187.93483210817632,187.9136187248755,187.79431330391395,187.9301880764568,187.92734299908267,187.93540783683179,183.09393598667984,187.99748201173034,187.96420285548456,187.98212335318684,187.99565675027353,188.0152273065883,188.0433114552429,188.04016226445322,188.05359175149374,188.04240669703094,187.03016367398644,188.04979155321007,188.06440249488773,187.9431809232289,188.0764924580157,187.94408690795314,188.07950927586674,188.03030864355568,188.10607323689143,188.09184491760237,188.13125140158579,188.14720278554594,188.15010785748188,187.0559482671552,188.1822400239384,188.15314270422365,188.2001538310008,188.2054512790708,188.2365201819144,188.26813343705462,188.24544212221582,188.26500872102264,188.29047257436028,188.30105689225059,188.30911399551033,188.3176850967368,188.33085885656297,188.36138050344593,188.28754997080844,188.34546190932133,188.37194044636368,188.39478435940777,188.4097637227442,188.04493293052906,186.7974724206374,188.35366241237557,188.39227404963535,188.26178435259882,188.2479450955861,188.31004579936535,188.33256633357166,188.24378582666185,188.31063523021427,188.2020765157048,188.15673117439508,188.29353371419467,188.30859541118355,188.33610608157107,188.20702934126933,188.31684369141527,188.35136920694566,188.37290439991233,188.24021851013242,188.23956842963395,188.37941411612337,188.37033577022586,188.37035195411676,188.32332645046776,188.41533563380852,188.43702984664435,188.4301880625514,188.44489201670137,188.47693517458484,188.35420635149916,188.50161492920387,188.46577735640628,188.50092173000257,188.49610026596162,188.42836605330731,188.47904074667449,188.43164120711438,188.52258906863446,188.5148972512125,188.54779863587424,188.52175799519642,188.56079789650045,188.56433733594912,188.57422303181866,188.56334590384876,188.49791154700384,188.55736876210892,188.5863302822985,188.5819655475713,188.60412490615948,186.38945083650734,188.6079269506011,188.5876564024113,188.58758124413484,188.60902666928294,188.61191467627967,188.6328333225451,188.6563540741814,188.64937272227553,188.19719130066667,188.25254801712458,188.6069934298996,188.58611663248456,188.5417290596731,188.62449160048007,188.60441406607112,188.56587022606226,188.5827157021003,188.5598001603019,188.58554988488686,188.62461261526042,188.64432642334526,185.6724065707714,188.63759021840906,188.64153626466367,188.65671883825033,188.58489229612175,188.64057581658608,188.6388752642624,188.61361904850688,188.71562945260055,188.71716318463223,186.85877844212635,188.72092525386853,188.78348575863282,188.7466840480459,184.83969507206646,188.72612047765753,188.7468597798741,188.72332883917454,188.73669271944698,188.76044076310353,188.79113405777457,188.78965290115636,188.8121497821995,188.8015804849826,188.81354544096715,188.8392122236802,188.8165194127521,188.81404467991686,188.82568574615757,188.49743552820124,188.78421533751379,187.6042761985981,188.81416667248857,188.78503498338898,188.79987552541044,188.8065663798718,188.80643451529747,188.84459762329544,188.82766771820113,188.83144586488777,188.74485577645703,188.7235572513515,188.8151011356183,188.7736342741329,188.80566275576757,188.8647752604962,188.8625244071246,188.88147526092771,188.83753478374476,188.921811806388,188.90447573062116,188.82891126635243,188.8792286593449,188.8899899858169,188.90854200173138,188.94455611143377,187.88516707913,188.9766440989417,188.99373090263703,187.6659367631367,189.02575380914018,189.02024068049602,188.99205363640286,189.01372142858636,189.02677648434047,189.05402509116558,189.0741950376465,189.04347857065147,189.05204436128307,189.0664909902281,189.03233583611723,189.02386266516015,189.00028016461974,189.0733598782994,189.07461711088396,189.1056846641377,189.08577822090578,189.0555262658986,189.1030091260638,189.17005252744934,189.15074573177878,185.98694285157754,187.29586051270147,189.1779164602353,189.14705094395097,189.0312229748574,189.12064847156552,189.105998882396,189.1762255493848,189.13023847083264,189.15920655709297,187.51884684638057,189.1872680003252,189.14403435065537,189.10182647858483,189.17217479900566,189.16612273760813,189.1454296133501,189.13955921156878,189.161439181113,189.1719723229238,189.22187019569705,189.22995361616225,189.2501826369524,189.25865564695363,189.245854185814,189.24765128963585,189.28413513911397,189.25344742546716,189.25303561686857,189.20110315247464,189.2299261066911,189.23705542767038,189.20022417117212,189.18321798783091,187.1074393605644,185.31727381537334,189.22175700736156,189.08153068429837,189.28080831692174,189.3006890269033,189.29487435445816,189.36459862348573,189.37977078230554,189.40026844374017,189.42083712018288,189.43690997093813,189.4607457561485,189.3708327677145,189.4706642020859,187.44905671276118,189.50709869721575,189.51876875431438,189.56806430766648,189.56073511760405,189.572901771363,186.089870939125,189.57182285899873,189.56084371573556,189.57868982973434,189.60519406539572,189.61698587821797,188.53254924593432,189.62895449145554,189.58562837734507,189.67040146927704,189.65421604531323,189.40654203112243,189.63344057872186,189.6363247448799,188.20282756327694,189.6110434767497,189.62865814242434,189.61006957714574,189.59994188362367,189.6160147105546,188.8472142586226,189.64671891942433,189.6942495970298,189.62021325404652,189.6986959976475,187.24415801754742,189.66416853624077,189.65680446032977,189.65391200532986,189.69157508812594,189.73304657807586,188.26276137448028,189.70215708561383,188.8748597506179,187.84664800457338,189.64241987631442,189.6213449097319,189.64138496285986,189.67349687788095,189.67340635626175,189.677145634857,189.7138083606794,189.73662496794384,187.2523208252539,189.68439781368065,189.31887706605013,189.72460030873103,189.72215335913225,189.75382872224444,186.82403427649217,189.74463361574763,188.10415019204544,188.89485097622494,189.7540227235405,189.64780793537992,189.7653300384272,189.77869719982652,189.71943021324495,189.80195201347433,189.59069231792492,187.7446246162179,189.7628719759116,189.67957441462283,189.82269385429976,188.88371492010873,189.60716098155982,189.74688992725564,184.75969302428743,189.77539555123397,189.7705353368818,189.80681659471892,189.82429209849806,189.87723121228817,189.83670704269278,189.80147993964152,189.8533265948315,189.85327613070473,189.8851887420375,189.86920004373258,189.68280185777334,189.91934771193283,185.13829016514737,189.91203322895106,189.95802911842733,189.94283700598638,189.952452898726,189.91171615045977,189.9548615983126,189.93306884797556,189.9199300954423,189.89279996847276,189.9097056652347,189.96762071800515,189.98396053889223,190.01194786641577,190.00478069446802,189.97747765388,189.9817992329203,190.0362761386375,189.46381121730064,190.06892974309798,190.06452714797697,190.06353807329543,190.07524689129625,190.0911811819835,190.11093732152025,190.08930279003525,190.0696589993855,190.0477285216159,190.06075136952694,189.9816138856061,190.05599624082922,190.0895794191105,190.12788311047595,190.154498204402,190.16749260061493,190.16162384549898,190.19602988093467,190.09426709736292,190.1266425039016,188.3760925675215,190.12265076224745,190.10775719648748,190.0561947743007,190.10424797169725,190.11282046978215,190.12975502763598,190.16433776560572,190.15323670794749,190.05716872932857,190.14581126451125,190.10214189767996,190.1067883079515,190.11640119457556,190.14387811558575,189.12740720374524,190.15061251536548,190.1716862948195,190.1719725485062,190.20441830986752,190.19851163914532,190.20692953871722,188.04155612955526,190.22408074436964,190.22793782428846,190.2315508508949,190.27433924294357,190.29659777093065,190.30187318592255,190.29334936459253,187.92518949310139,190.3060064364116,190.28715626117943,189.27591735999266,190.30865717054502,190.33085063466044,190.33070339604726,190.37023770846042,190.32712416166623,190.36378319454568,190.38840048723478,190.3860626408522,190.3706975252798,187.83912265896112,190.39102779632324,190.419457184186,190.39762893775833,189.24542444378153,190.4221981406234,190.409388693137,182.38527015450325,190.4752153474412,190.2984918664999,190.5173467746949,190.50565095000135,190.55740168563943,190.57943210974156,190.55023707553633,190.55229847451358,190.5713049058945,190.55593764920542,189.126218449772,190.5942949768156,190.57854120210422,190.60022799305892,190.59836737567227,190.6033676872574,190.64226312411444,190.65876902256002,190.67081269342663,182.7131726883156,190.5353834872244,190.65006545986924,190.63356633033683,190.59462614224302,190.654996607259,190.67644565393877,190.69028314663984,190.71910479001744,190.7069724722629,190.75081450307573,190.75571218137097,190.72557203775378,190.74380466522547,187.83773012815118,190.7230446647778,190.70329677990736,190.72276999979096,190.78593431377232,190.767053320066,190.74213825771906,190.5788280096039,190.74437196568653,190.75263870237004,190.77712572431383,190.76857731721682,190.7959086870705,190.75569136023552,190.84375844500602,190.83688668553512,190.86952815607458,190.84539996342318,190.83947506171108,190.87933881938335,190.85397178206028,190.89245887789642,190.8962618282874,190.87773014694682,190.9304702886051,190.91064909964993,190.91596525863991,190.8921223816186,190.90506909872835,190.93969013694982,190.93080304047137,190.9362652401213,190.95895438812445,190.97566769716113,190.8858828000753,190.99671932791819,190.99734616121808,190.91952237127555,191.03257433788207,191.0145434521541,191.02588466248824,191.0591251442025,191.07588539456438,191.06100473426923,191.1074557692195,191.08452433105504,191.0930230362832,191.10071198495012,191.11348782796665,191.11863798420978,191.0906592137399,190.96061712975305,191.06865980268282,191.13048572197278,191.14354380706928,191.14523060863718,191.13869332578875,191.15735976009995,191.17521678873314,191.1599070191964,191.1162196864277,191.20637422359,191.0888375933946,191.16843280271954,191.1635675919914,191.1682683776124,191.17717845766484,191.18248357953541,187.42119449115964,191.20396158593778,191.2367534545954,191.2212410994552,191.26268592337567,191.2625358862547,191.1390317586529,191.25172181448872,191.22762638414648,191.150866664681,190.4618638974108,191.23755439325166,191.24658454190293,191.22581796958934,191.2121025650167,191.24164190420854,191.2921443096639,188.68958689654255,191.27849701257566,190.48273993685294,191.23863505041732,191.24257310599378,191.13806051587906,191.2168693945491,191.14061703552798,191.22775657238182,191.26651949778255,191.21253134559373,191.1993924301697,191.17776358483601,191.20218847399303,191.2426876530625,191.25278789569592,191.12327681440598,191.27182612349358,191.2477439978982,191.29232995856157,191.32349811057315,191.29108740220713,191.33463934732282,191.33792082623873,191.39814394335787,191.31569885167428,191.39233443644378,189.29862607903038,191.37095880862833,191.35958360401318,191.36475851371816,191.35263382353384,191.34845497138147,191.38725575516756,191.4233968285556,191.4282527455634,188.59601840830769,191.45890815560276,191.41921955731914,185.80406804483718,191.40624967263867,191.43229606416566,191.45163204523425,191.43623872376122,188.98848036488823,191.4740190418458,191.48636406809845,191.4776384830082,191.49316337156472,191.52581972531783,191.52440521704747,191.50869414466035,191.503759426981,190.92888979127972,191.5099058879097,191.54272756963618,191.5429736827011,191.4858164954416,191.54592766581123,191.52804062773717,191.55442244683104,191.56518333411063,191.59511859955484,191.5945102500936,191.57101199649148,191.5809503670179,191.62115481684754,188.80357140223296,191.6085289855456,191.62020763705524,191.65851078189255,184.57542575038113,191.66621061838194,191.63892614824073,191.63510046218607,191.62720428597203,191.6695724468824,191.6628710993899,191.6673194985718,191.66085512622308,191.69241522007604,191.71268297289373,191.6664522088324,187.5820417170039,191.53999623256917,190.27940247051174,191.7018020089299,191.63602925274313,191.68111163221226,191.66993106061346,191.68065792114018,191.67682445214282,191.71796410377934,191.75174136691163,191.7641852557033,191.76771133715386,191.784069724655,191.76746684978428,191.6803342106268,191.79503730069533,191.71600599126643,191.75553966564812,191.76872267665337,191.7110567117913,191.77157314216709,191.81918306181356,191.8276883833261,191.8319986771556,191.83764225310165,191.8375867846581,191.86138129627997,191.87094057850678,191.74228854537154,191.84624676052385,191.87834315675158,191.88816550834315,191.79845747365843,191.86724956805918,191.8797560466233,191.8887830457926,191.89538452594405,191.4462960054031,191.91807462407598,191.91549923077827,191.79451434986314,191.9150069242138,191.9456457282807,191.96379016322777,191.9448140582949,191.96003113073127,191.9672338112106,191.93691754734317,191.96456868513303,191.94559986583835,191.98797845516563,192.00998822431538,192.00701815387956,192.0265432630366,192.0462714189281,192.0472015590617,189.42233694584468,192.05629496707078,192.05643852308,192.05994032200027,192.0718739373142,192.08103387807594,192.08141539605057,192.09860101456016,192.07380712369343,192.00317735389044,192.0175654014125,192.05920314451987,192.08823364073342,192.0694059975988,189.8236154734008,192.10185612905957,191.24261149118357,192.08667127273858,192.08545816745428,192.1128526916699,192.07782327715765,192.09412766323433,190.72139061472797,192.12392457108706,192.13402089291466,192.14643573648038,192.10260386903985,192.1154492239462,192.13800408153332,192.07248282492543,192.18990179843655,192.18826034825395,192.2205652185422,188.02152450951172,192.21371475327834,192.24723304220976,192.22785016332259,192.2398450518692,192.21845185727983,192.20876929586515,192.21529913239237,192.22041880320174,192.20770908687257,192.2639132117301,192.26894864844704,192.25386353904491,192.27686848654534,192.280636554971,192.3003782329861,192.29416604175313,191.62805631530173,192.2890658787836,191.85340800325216,192.24189951263273,192.29757947975853,192.28764684502164,192.28484488154396,192.24628832035447,192.34591654212724,192.3004556682987,192.22282113457243,192.2214592353557,192.2816143665869,192.2803700527545,192.2981168516717,192.28438453945407,192.30380087847942,192.30124665698605,192.30419780346224,192.2302251499462,191.5787380585618,192.2667391648899,192.28778010116133,192.3041130583888,192.29498823726462,192.30733135481898,192.30966237249555,192.31906529553862,192.31007402139326,192.2980454025525,192.31540071011588,192.31859215950894,184.33169500584918,192.34024878803683,192.35267959449087,192.31904536207932,192.33800432172845,192.39376270717844,192.38951519258782,192.3846563969229,192.32925065188482,192.38296839677756,192.4107850119606,192.38732639693237,192.36378333153132,192.39036344855987,192.40607283300577,192.356028148726,192.3918225925527,192.40698786954812,192.4084838083075,192.42332921659164,192.43669610313208,192.4151064694534,191.85725738051943,192.43967329863827,192.4391173387986,192.4358195748027,192.4481519170266,192.34714829836997,191.9322093722277,192.4724320188025,192.46313626429674,192.4792513294083,192.49193033013026,191.3520558547014,192.49075962358086,192.48571989864877,191.76848525581485,192.46147305141054,192.45130480327535,192.42468687895203,192.4410923154286,192.45370341622618,192.45053999840934,192.44620618573626,192.50141862822764,192.51618678555616,192.5041239227425,192.52333940891722,192.52355498316695,192.5565198587963,192.54047239143594,192.55186435989964,192.53856109184338,192.52660804273393,192.5911285116607,192.57197074671163,192.56767893156461,192.47222770106882,192.54239477238391,192.50443376133387,192.59988911750847,192.5151297664052,192.5677168547516,192.59883234593048,192.60164721123672,192.63201758837175,192.64227168116707,192.65281221894736,192.61347477623576,191.76519175807002,192.6019713643115,192.62450981053703,192.62110556995995,192.60929482655422,192.6405275372036,192.6434834398335,192.64299363390455,192.67249642497214,192.6885913103127,192.55259944728175,192.6731353964607,192.69224526999312,192.7059393808376,192.69653230046686,192.69605042778036,192.6927708152357,192.6882446905914,192.72105397885332,192.6998419271501,191.01599682803956,192.69115321182548,191.48415793131798,192.62406148527586,192.64465319829915,192.66915247067882,192.64834675656098,192.67348614111285,192.64626837367035,192.65029748051896,192.59500813730546,192.66535258470697,192.66983805459293,189.41958335831097,192.6977705389871,192.70726177773338,192.69290767883658,192.7306298441059,192.726067021163,192.68251153877017,192.7155522314089,192.67549231807106,192.62873515158327,192.58187057163585,191.9526445192646,192.66286868936632,191.93316136733827,192.6512374852223,192.56234167273212,191.84910431668314,192.64903124631397,192.67763434705165,192.68330300524102,192.73070749626856,192.7298755401483,192.7648713842163,192.72964548669142,192.73265976887492,192.71918297947414,192.70445830956575,188.58347281794735,192.73108296110118,192.7423566560903,192.710389550019,190.92149675916227,192.81513891973296,192.81473982671642,192.7869333746583,192.81678484859216,192.78865145928143,192.8259915657375,192.79297007662746,192.79041691531287,192.8011112185779,192.77684165132052,192.81807350975427,192.85372957959763,192.87367748781918,192.84645038863368,192.83886473833596,192.89666134739485,192.90467593046506,192.90983637232554,192.8778491016265,192.0486736103332,192.66881936564417,192.87268660326677,192.87420698802808,192.9056995034433,192.93019259854117,192.94002630224952,192.95282467597175,192.953603755545,192.9399304089475,192.9530641607812,192.31100426249733,192.98770278174516,192.994424206227,192.836552607297,192.75034230807995,192.74252810550306,192.86080222305338,192.86554673679757,192.9040823983902,192.87124104498506,192.8911140468635,192.88932345852,192.86702907913642,192.86786834077614,192.87480447251016,192.86857063185283,192.89560932178068,192.9268391419873,192.91372697641836,192.90304665333795,192.90689282552057,192.93251466131136,192.92543486203903,192.90584812375528,189.3231286654156,192.87659804930942,192.84810874365004,192.8577865624126,192.87997080811735,192.86748395167072,192.8201149399777,192.8599089680062,192.48153932195524,192.8745432508032,192.85626303016068,192.75005467160537,192.86121403525843,192.83652638712604,192.8450679384935,192.8740604052975,190.09021005921247,192.8744301288687,192.88985059985615,192.8697475119717,192.85781135932763,192.8022790276034,192.8335431787974,192.83843439223247,192.87165854256432,192.86299241415318,192.8699495654782,192.1455670021666,192.90839667392734,192.28368191447083,192.88870864676528,192.8822932933444,192.83682882148796,192.91927407120204,192.89507813984017,191.84806817999032,192.95326493040315,192.96506865197279,192.95646536829292,188.65182155453363,192.9168648807603,192.88941907525378,192.9289458329687,192.87275038643713,192.92072799604378,192.9396379608894,192.90954650539723,192.91523705901193,192.88811742581575,192.8827827970147,192.91934496376467,192.93076095400377,191.2100406554841,192.90174898156195,192.89960327591885,192.79058657027747,192.87349954243632,192.90354577750725,192.92477907748182,192.84944513515475,192.92772212905518,192.9385870941315,191.93266753417453,192.5173061799867,192.94667629099553,192.95555230370275,192.9435540249094,192.94843413221682,192.96689438539184,192.93762245448514,192.89845000526273,192.96206754581164,192.93841191605958,192.99237812582382,191.22612368206958,192.98302551693206,192.88091685673226,192.9361303872884,192.93096535433926,192.95062837051358,192.95289266673342,192.96684085148155,192.9873584583933,192.99079090293668,192.98369048796297,190.33480402961777,193.00020900136727,193.02376738784724,192.91779369647793,193.04690852585898,193.0192029452799,193.02816002603168,193.02233539892885,192.9817374713513,191.08514594268343,193.006708348049,193.00242696398186,191.01180530437838,188.15599335346903,192.94957680990186,192.9402232399434,192.93250375136023,192.93887226094287,192.95928983306172,192.97783258850492,192.84350712964132,191.7416212118494,193.03036210274217,192.98578632875402,193.02866767294765,192.97822011254448,193.03744048207042,193.0678579907811,193.05006287178966,193.05775294249167,193.0821838318335,192.97734655347747,193.02153038512216,193.03625943953392,193.0562547948259,193.08575926732595,192.54707507097893,193.13084178910694,193.12908048748204,193.1801550085057,193.07830142095767,193.12730922408582,193.12437516538728,193.12650352217486,193.1545609543711,193.12706841522862,193.15016428977984,193.15216505322476,193.16583688599144,193.12451579071367,193.18584089484676,193.15284513285386,193.1750360126352,193.22047438605583,193.17318859711384,193.18503655977153,193.17895625201078,193.17012606298087,193.2047707411233,193.18891855522182,193.19892597680982,192.30841539307988,193.0906657358654,193.08274375479843,193.0418923977015,192.9926127574127,192.6717169893396,192.99874187604533,192.9613835298366,193.03414610778998,193.04163968135316,193.02967653894459,193.05127287241967,192.9099314911661,193.01962548676755,193.01708083681152,193.01568526896818,193.04087316454988,193.02020918536206,193.05151980318718,193.0516589709421,193.05808335232058,193.06052877479868,193.10738193018426,193.08852307849781,193.0925033856312,193.09928768268142,193.1260744361763,193.12587595192713,193.16088034632642,193.17266342301625,193.14890128657248,193.1568578578837,193.14167371835222,190.51460567829582,193.12011060438522,193.18958121935367,193.17109374560206,193.22879229024454,193.20664747685697,193.21278340948857,193.24866019330472,191.30996552220782,193.24686104176826,192.95536615613048,193.12957747136787,193.19136823644163,193.21623643604545,193.21882760950106,193.23674876039635,193.2386154160206,193.26000812598477,193.28063524005208,193.27836147023334,193.31691880896526,192.92408969646146,193.18535081156614,193.21252865060788,193.22337063047098,193.1884040928354,193.21704073590922,193.25261087379553,193.20421863336142,193.2198613012146,193.20474923539902,193.20096065258497,187.83127533365763,193.2112622261215,193.2013579998637,193.23107708622263,193.24125039613935,193.24222369257146,193.24512043429797,193.2793620092479,193.2657396394784,193.23608015507318,193.27785414188057,193.19150944193234,193.2605294494497,193.24307336090735,193.28881580119614,193.24650784403778,193.24996942065818,193.25340718727253,191.38383157545053,192.40043587094,193.18113132485067,193.1552965111982,193.11989307509617,193.1006112582954,193.15421595856,193.15462318332365,193.18649715417365,193.18156966228943,193.23635315106617,193.18651455754562,193.22972610012172,193.23325149315215,193.23209413390785,193.15776324288964,193.05994118071104,190.75531469567514,193.23160772654313,193.23406995107268,193.17684469518832,193.22916557604836,193.21257376819182,193.2491902243053,193.20691793160515,193.22122728397792,193.20200493736937,193.20025749768308,193.1515716615473,193.13409240381938,193.23314791555384,193.22351250921116,193.20734911435702,193.2082114788026,193.22523902683702,193.25806460099224,193.25369629459607,193.2690074825188,193.28098287773022,191.31243859500776,193.18954171432802,193.284272206385,193.30239848081015,192.623397665785,193.26104168028945,193.27456829914607,193.24380726448007,193.25096663657075,193.2418978108894,193.2359748358649,193.24334048049099,193.25461307433662,193.2695237136686,193.28457700267472,193.27490607825155,193.2494762556248,193.22632958844684,193.22926907166908,193.22173984082195,193.24457844622285,193.27280574228743,191.3539389203465,193.29434157849232,193.27335523854177,193.33953402601068,192.64734179126245,193.34843109842333,193.35561214325733,193.39208216085385,191.8831374249714,193.41705120996144,192.23365131046364,193.36899617522036,192.2003572975681,193.33512369049615,193.2784900079509,193.26031156726128,193.2850847968078,193.26614621213548,193.3257700984141,193.31699208080744,193.2835779977674,193.3235299582547,193.32082964466193,193.30786365483664,193.27352931576405,193.30752292251378,193.27251799178973,193.35248168148098,193.29641914942297,193.377604332607,193.2423316095369,193.35762242647436,193.3857405051488,192.53509282113885,193.40152761216223,193.40865899348424,193.4019597988787,193.40168770600624,193.41439917364667,193.42750672737458,193.4278411540635,193.46268557608576,193.47240900312292,193.45286366742192,193.35293949289937,193.40751416559092,193.41248343349457,193.53408337584767,193.54206273252768,191.6856158349125,193.5192729399743,193.5350634279654,193.55983113740626,193.57200928302413,193.5843613804342,193.56541841498037,193.5607282251527,193.55425960556153,193.52490613461543,193.51723627159072,192.75428070360113,193.56722042377945,193.5419820083245,193.55166217100296,193.57465771629563,193.5948171933086,193.55367284754297,193.56019478908962,193.54585445165947,193.55975288430443,193.5707832974149,193.56486155361605,193.59306667938304,193.44994578231163,193.60793173394077,193.59872172219093,193.58256503829227,193.56246640571305,193.57512607451076,193.61901663282063,193.6125861205666,193.6228976913413,193.64194905566055,193.61207691097317,193.6363741835898,193.6649869142231,193.65085460976738,193.67779964534236,193.69774216672792,193.6909284031272,193.59431996707892,193.63207842521211,193.70157792553988,193.71809481626363,193.68641667971053,193.71932562729162,193.72733708544934,193.71772458607717,193.67940810028034,193.71265722343676,193.7299846131545,191.35470676090506,193.6702300422341,193.71109800340793,193.71227416313775,193.67066280193603,187.36600770531314,187.76031266630108,193.62264890304857,193.55413624571275,193.630871776394,192.21687527032827,193.60343439564437,193.61972173545598,193.11484993559782,193.60100404336876,193.57445439045705,193.57602330743612,193.60142151791712,193.6182397768364,193.46707301233715,193.50484685726673,193.55984316453657,193.57702401035272,193.56404333451337,193.55932845458713,193.58553405850412,193.57688765450254,193.59782489264012,193.61546445726512,193.609846221196,193.59832147456873,193.62599212711555,193.58175142704948,193.5807128528529,192.14220517556373,193.57535708952804,193.555122561943,193.58230509485804,193.57829461575398,193.59768818834857,193.61817239061048,193.5768300008824,193.5979774640543,193.6151383291002,193.60727468463065,193.64169688405187,193.61682227612707,193.64441353447583,193.6186271894483,193.5230369162789,193.62373838422147,193.6235413699148,193.63745984488048,193.6693434364449,193.6872856316031,193.68627662582125,193.6988425056978,193.70771385038628,193.72675819384497,193.71324472943536,193.70964081668896,193.73687705167995,192.154702305495,193.7184076587005,193.67681304566838,193.7024949458743,193.73310031192025,192.35206955968636,193.75311853961134,193.76100577273638,193.7540699408046,193.6697060321561,193.77031008109486,193.7477769476126,193.76117229534387,193.7663257801574,193.72247645252907,193.7643356673957,193.41570619151128,193.8145892202036,193.77328305619764,193.76337653670646,193.8137042234351,193.84598121131864,193.81230670589494,193.8296850533489,193.84809468393354,193.854040231879,193.84029642767402,193.83682390990217,193.82081177421418,193.80960885742556,193.8089073362184,193.83626355544325,192.89161328766988,193.83553253266513,192.73952652194686,193.7908890698225,192.57728894226355,190.31993742123402,193.77794676060648,193.79798941876123,193.79345098218255,193.78786658415285,193.75952049302757,193.8220791307782,193.84656709246013,193.83599602363668,193.78169316027282,193.73256250030187,193.7961666622205,193.74312143404043,193.80528447156186,193.7897149352242,193.80208425020118,193.81296314677564,193.76249556526233,193.79637494510155,193.8172597034389,193.6916543797643,193.8222326521717,193.82949935740785,193.7839248909822,193.81613081811648,193.9060056218832,193.88722658190704,193.79361286853236,193.89424416913673,193.79194672286587,193.853608590472,193.87103558916408,193.8494647912677,192.97161919381296,193.81700099446866,193.79525220314076,193.85982200389907,193.80306179568973,193.8721695658442,193.90685327750631,190.15595677601323,193.91541534440154,193.87755860732872,193.91128925194303,193.8871651724781,193.92334195808482,193.92664515393645,193.85249168181323,193.90086187281503,193.86892219290743,193.89244599803197,193.84453564969036,193.87433311151537,193.88892083627198,193.90325337137176,193.8958281948872,193.90145538211675,193.825649987453,193.92509235809496,193.88798205252675
critic_score_losses,159760.86593458118,141667.6636277927,92464.64256224786,101799.692545677,129899.04106245041,115891.00842563469,123015.20107757165,144146.26880106438,101004.56296811871,128973.43723083199,128278.67690218796,139306.5438789563,103540.55226747619,205189.89971859733,167450.60145567553,123459.51094578701,133277.20602340702,139615.68652576223,127429.48958683439,159157.68358622078,102007.37403405068,114376.63742148985,131675.4736325725,151783.40378625394,156532.12815891835,161696.87408828514,129153.66365893993,123008.13899708874,93822.33248780298,138801.4869289056,107932.7306005685,139791.77135702537,178103.73790321912,128381.7953865412,176855.7694285921,129368.69047529629,153382.49123002638,101800.83973505444,120850.67153565105,166493.27876914758,112781.51491037877,123209.95120335148,141706.36139819538,146233.5886151142,133198.89750164447,136800.71045916315,176279.92390500102,138486.82139446004,145882.67860498343,124242.20434641959,137522.32573421163,106377.98199746749,97992.58014266672,138257.01700402948,104059.10720020757,109257.37278211521,107175.74484441738,76785.17490730886,90235.37266152246,136180.55879118992,133418.61640732933,132786.22712259242,151542.04660341403,133682.39152043892,174693.38128058123,95400.1846519906,141339.74122004,132060.3433516435,90631.7112748779,127503.06499676661,99684.64258450168,126884.54324199888,164461.9456894321,99622.82539966863,121520.5122953707,121979.68660163727,99955.05140333956,134727.77229449776,100481.43007247687,124988.80410151077,134770.4446288924,124109.1864090796,106528.4929438103,108700.6308397431,105984.33427293776,127930.42800094129,155462.96716432524,113153.7754392389,113021.10248600216,90596.88086759357,98284.29941049,157002.5156690753,93685.3721998955,117489.01472321586,143972.45270048673,95344.6780961456,138755.75003558167,109407.81003953957,138165.1018076286,118565.01482320772,117537.93039042155,79431.52551472212,85610.79100258648,67191.08424042226,125406.19856043257,153591.60871268602,83588.77067089007,124636.29771742415,152387.66895804473,116462.55122978719,90702.39997056988,112923.04137184324,103182.86703784711,130431.15716509258,114943.73879476753,92220.43207914606,138473.36571663097,102983.61111943453,101052.8106826145,104494.21605337418,100101.93706272844,96721.24791485083,104197.04105969248,79375.78433694018,111031.99307043242,87229.00519283746,81663.96598387777,109929.04677577848,90558.80473769666,106632.96764061146,84851.43827251841,71200.38998783323,88885.48283471334,78703.94985486913,102156.4125688691,66238.87990191694,97836.50765585374,65819.48062672716,76552.3509614813,78165.8515792476,70114.23345767945,62029.03633648435,88191.07248347103,83315.50095253927,69396.72529588989,89413.7608843662,70678.39627863983,82136.47817999516,90002.80330423421,77951.74416572475,106376.85525370938,67930.05762032104,62511.21910905821,86951.88859020041,59613.1757303703,124672.11659757151,96332.04625430099,99597.51989472067,72633.4442401059,63019.30578350315,85268.88530453904,92670.13504644133,70496.14577217265,74580.99636898843,78905.11445303242,61186.80439258583,59778.712003140434,51695.187252075266,53901.133347373885,73023.82317527982,56626.86957835204,64316.42983313963,63962.438687676426,54431.908447224,60245.89831081447,61650.65338689364,74715.28400944834,48747.87791611455,59232.133684224544,66292.20597114819,42222.43858968928,58119.681665124575,44139.707564072065,53408.41152421336,55513.25661548748,47655.304079647256,48025.08161597099,53580.7991916623,46805.789986387615,57190.83921051888,45532.82033305489,55319.24115248367,45832.76437538864,47167.403445788324,40426.41378982912,50842.97979545084,46403.75869607121,41961.20011953981,45814.752326534806,37925.79736031143,40490.630166438146,40697.8790939286,45383.485394984826,50614.30174353889,46594.753732139216,44030.5452732143,49991.0918886454,44964.672215456405,43875.74028457406,47547.96937154031,40451.974799797266,43347.567100750784,49500.190779651944,50772.12411802228,40724.10706791137,49444.46338635805,42432.253308164225,53191.46977855839,57528.41872520141,55861.72583642556,56434.53521782091,53624.265365650834,53877.373677755706,58356.40067483989,54179.254654451695,49764.02094370883,56090.163488460545,53991.884309595225,57951.29871569069,63641.089824591494,55174.74471178574,54633.12174354421,66314.07200447025,58477.51953780915,62900.97074930168,62870.90967438815,59544.11888127895,61154.75522640454,56450.014569206534,59823.86671342701,58419.118802122844,65034.96848344857,65410.15224999549,62612.7338720076,60748.00901245255,68685.33732598483,67805.97430108937,69489.96792603751,69273.66180880848,64244.83207427795,69417.63051295209,75419.59103440802,68110.73451190582,70724.89292171136,68826.44503960299,70456.47559867692,77204.52083674824,68787.9033267865,75562.27989525584,67562.72716208348,74986.36313030816,72348.69719022221,75613.6675273255,76550.54674713897,73369.713509158,73685.60010647014,73387.12113313275,71159.6686097733,67693.95358015159,73693.52493613826,71941.41711785381,69040.8829513927,75960.041870085,72085.89599411092,73387.07418126777,71230.19103013171,69394.83893136807,72985.7456527685,77750.57756658985,68231.14725798924,70526.8508732169,72760.4321401622,66982.36362038486,71890.66584091027,73003.93356439658,71275.55055116507,72575.58961607955,75462.40261099959,72213.22482518482,76522.42022487715,73846.27248455836,70352.77453422143,70861.52086427457,67496.77554753401,67922.9034347827,72367.4720490831,69055.50658680878,68304.89987328066,73909.75007313695,68362.55436377885,64305.52318558458,73582.26800169959,81896.68533802399,69753.32023175033,70900.60763509103,66866.78402088767,69482.04352579224,64817.965429608535,72222.85364733609,70121.76013058616,71606.18469259559,65583.13248120481,71108.30161842004,72605.96238611087,73455.00975761712,71515.96740127522,66904.05303450573,69591.036984508,75374.99934054664,66845.51067199685,71036.13442537274,72661.25701924473,66581.2066341808,71229.48230004022,69654.14460193545,66061.02217607404,70865.54626121336,65089.27289716338,72163.07445489481,64872.92815720829,71270.04614467929,70712.01917692872,71514.85820683942,69704.23448681836,68731.97519489845,67380.9049556848,67470.55088750555,68929.87021319571,67848.80356794632,67342.03886843695,69705.7187941668,65760.9363357256,65684.88480803257,70840.02862470853,65658.99165712619,67065.25258299254,69134.25158003482,72378.86641824814,67190.43083551853,69272.3249262974,71165.53485636854,67558.12440919087,68737.84053980323,67958.84279736604,71930.53876351252,66704.07224508724,67581.46667475265,66318.95235546208,68604.0283083697,69830.19020449415,69824.13346126945,60753.941509130935,65728.25166732934,67827.94434543235,65913.0809216466,63724.03418990931,70460.59753585882,65338.05815472238,68214.81417958818,65246.73388285591,67422.2251778351,65965.41837776719,65609.1597152719,66125.82868054902,66916.61498832078,63912.33210772512,67986.48419732784,70936.30075956148,68610.12113712795,65772.0241685473,67368.08355716073,65872.68698653992,67849.46969633114,63088.352129613486,64964.29414172651,63336.60604412797,63610.69556609557,65590.37276987518,67171.14966611244,66585.94549718674,65763.57486928027,62418.711271405875,66784.48746262967,61929.06054606061,64692.22967927121,70854.22556695406,68425.4070016398,65591.91226590343,66348.54494489515,60864.43161268362,61016.50999676259,62889.32460292792,65915.47530791792,61746.70013117137,61070.22329313071,68217.48673342931,65188.18486651895,64089.06936624692,60303.993396826736,66126.4295243648,63138.08016586208,64533.459046849566,67411.24141780319,64016.851787686195,62257.26467634919,61608.877942002306,65601.13618635427,64303.77114183565,62085.15191414149,60778.43490582439,64685.83361258535,69653.73943359843,64448.415136832504,67504.21110144471,64770.802844798476,64106.16407333071,62912.50791449716,65022.56793886985,59414.47398984714,67127.65361367229,61073.9030757756,64604.19162520979,65059.80100230809,75913.85131210324,64551.62731395736,60615.914948914105,66833.92813809378,56729.50288318192,62021.63204250977,61717.087654813266,61688.691280270716,64812.94140351522,60433.56709092413,63378.52829198234,66866.58676961165,66405.8985565906,60248.46697244215,60153.9019561462,65027.132776788116,64156.49330343293,62875.2275812126,61742.98037116517,63217.122335991415,68142.74513380307,61636.735223348616,63582.56114104039,64429.118348554795,58860.57225025529,56286.16168874253,62467.257261810904,60669.93380719832,57246.13704816876,63512.948295287635,60454.67616214075,59633.79025632753,63445.072542603695,68007.48786357175,60978.721576762495,61188.37600367645,60777.44519704128,64298.63917134937,61551.890438002905,65713.0308972464,63212.17029000925,66280.14954571448,57751.51514975127,60170.021722311736,57190.09075228783,61492.63225731139,61871.93515687747,59551.075618941264,63880.20656055939,59252.87040972206,60387.88635770608,58479.58064468456,56679.740792658864,66045.16779967846,60063.87257492457,60823.42214381106,63414.950298215925,63344.06912313924,65782.54107856791,57596.35910364866,60144.940734371274,52389.49966117126,62414.473308243454,61760.53083452344,61699.83567922272,61163.08393839744,62990.47427323313,56166.6756369321,61480.377684983825,60707.71173112714,57713.449503401,55349.99648432342,60735.745680839835,58093.913348590104,60624.94791371236,56947.225206511706,56594.76467418068,57262.891556176015,62001.331049616936,59217.942107464754,62549.00522385842,58185.27386649186,59704.882300684534,60015.024991904254,59269.77835523141,56587.744388322804,59286.971861563085,56393.008298880864,57452.605111924764,61901.42727951484,59143.493890754224,58638.30399028697,55540.039261959915,56325.77654236554,63789.3666104045,55696.63830918536,58532.8393581828,57981.34125745541,55850.871973247165,55572.468426115345,54213.85742508403,59953.2019874262,60027.46105867236,55173.5869601391,60507.082734682495,61414.21605400817,56929.77178181254,53470.56832500111,59112.105337169545,56285.26014198463,56935.46133643482,57934.39403321031,61059.685278546,60253.23159596451,57868.906766677406,52428.470017843174,55785.77491451976,60877.005463510366,56541.09600949751,55265.722361257176,61105.52819785652,57890.93732569041,56276.81105510465,55462.77172769262,56169.0075568883,56693.37720282301,55195.87329406642,59439.53794926198,54428.356904292814,51064.959731834,57112.51721909891,50140.73332333885,56518.66121730032,55998.52445143936,58503.15858855065,59056.140678764415,57708.13134592932,52538.90660740778,55399.57782852586,57755.52976808628,54990.077558381825,55534.59244409015,54264.81045299871,52590.09114617806,59199.83279520818,55888.80075296483,49717.74102347216,53940.121188754194,54969.84481001707,63742.48671978077,55122.88376218124,53191.282016915204,54540.62067288317,57246.90389564943,52392.08174003513,53772.78155116211,57724.91477629717,55532.434877091575,53970.14177677125,55104.81475489585,58245.78872603168,55158.74672142308,55102.55068832937,54554.55065418692,54315.735293249,56972.41117498891,57028.88128637495,57794.19453134229,56255.89361118778,60754.09779554002,54660.83110300665,61265.669025272255,51163.19263733983,58034.10217703132,56579.51553370584,58199.636328431196,53006.686626872484,51878.34984505417,52609.84107771376,56034.260911156525,51130.04614183567,52026.092234736774,52757.028902152364,55092.145228783265,52743.181343823155,59771.153210047516,53530.93801663333,50891.25482321347,54695.631330604505,54739.90809277175,51893.303566351366,52493.6483695845,51382.945509453675,59361.96730482059,52664.35540851566,57713.42743522955,58501.17571039295,57912.35573108437,51954.64093465487,53274.423187158536,54876.24475637317,54769.69062259076,57105.102323407984,56784.3752055284,54330.830340183966,53695.40153630016,53106.37358530314,59271.56398502211,53660.316790089346,53713.58361857913,52634.35623373025,56284.12030629251,51729.29269788766,56403.80913478541,54073.832627614654,53918.77874791517,52442.31721589346,50928.129206145015,52617.20245231618,58766.74970435039,51349.52146080128,51470.75642046846,54892.34314353345,55281.51458892694,58380.58704469597,48261.284364885585,48875.7935625889,52642.60740550593,53205.821581145756,51557.664603878846,54294.139653350285,50811.96273619298,52773.2354969068,49071.58984649866,52954.691431648585,53663.32745515061,60707.04123053536,52483.3866913203,57795.11941460202,53064.37079404269,51356.62236482636,49420.58578155821,51853.89964638121,50048.75667879544,48539.78978654614,50964.457715303004,51482.2900503706,49673.59853266372,52303.90617981506,53247.47806533619,53639.69904988065,51648.22652895541,55294.819454266544,52875.94610619258,53840.45351218411,54020.01337013336,51012.56807337244,51068.78702829874,51382.98989313309,49766.665754796,49419.488316183146,52542.90787699748,54249.348148499506,53047.40117499582,49320.15402260002,53798.183974399304,47239.211754948235,54915.75855733796,51793.848278467034,51095.5770904559,49051.229501675916,57410.22173207933,53205.08966166577,47377.60732615533,52591.25440497352,52927.712241058485,53702.33903141349,51408.33763167381,48956.427018704635,51634.88710735558,57720.09700805703,55238.158242475576,48955.76803924636,48505.6527569297,55872.730991991804,51090.594740872795,49224.39689173508,49624.15612688541,49668.97033527497,46707.16672178295,49991.580823744385,51663.49170205158,51993.39172964479,52373.31913338134,51337.10676504681,50194.795988455735,47023.34172459321,53938.795025838546,47491.22122683486,54085.65539108831,51525.70278344246,52704.918041076926,49417.9292437769,48966.759167772856,53771.46316588851,50743.11569607237,48953.774554768715,45108.47939519291,44698.7855383191,52927.339277387044,49414.21853188223,50698.19556771183,49225.56529835053,46835.934792502136,52579.73028837307,46964.220864785544,47140.42112836493,46985.41474126113,45554.529918815366,49558.27287348923,50116.42680317825,50100.50278940863,50745.208299927166,48407.321296192524,55636.88303515548,58985.38126434102,52074.62344327247,49606.70220404221,51714.41147655357,47675.09794542986,47656.85642266955,50021.961709014286,50002.14489073159,45982.418414355154,45992.739555499575,48688.93523366213,47716.187437896326,46172.41131171207,47310.79873374735,48970.51514511072,45860.84353931914,51563.84749174428,49962.83559643133,51095.732652691135,47436.78443880017,50919.349428334535,45985.00815877581,49333.19364451265,45290.40288127165,56053.71040047121,49108.74002208592,52584.105027082485,46963.884468987235,47735.34285275526,47646.847037781976,50809.912005399536,45070.72089379151,52046.026651423876,49056.68026533642,48959.535452179414,49077.08234486571,48256.24759138904,51051.131648833405,49003.641614942775,48435.962546448834,49438.77334843894,47339.06822323637,48984.353523783735,47240.90571864999,45507.34836089423,46748.08628716429,50350.14440345701,48648.16068129703,51732.02381852688,46569.46667654635,49997.02770431675,48167.46640128438,46781.55268884656,44100.02891756482,51818.509739451234,45500.230873406814,48850.733639012666,45126.38156548706,48036.07705111225,47166.718523179414,47801.0059246105,47913.32302718422,44799.977307210145,48172.11143947162,48340.81310102205,44976.4152436382,49640.91767781826,47886.40277813064,45135.63655876233,47171.45140189661,48602.27726632926,46361.654447548026,46437.08928527354,49930.100288236215,44824.51728681583,46710.67382914715,48752.8276727512,47229.73265089133,46058.314686589096,49391.62611487209,45378.116797898714,41463.56997889329,48561.43102031908,48457.90296309678,45307.043119508366,48867.022610793174,46651.653369402135,51522.438533712,43442.443836967606,47023.93607251348,46553.396673628675,48402.981434004316,49298.746742439645,48014.604564624206,49090.73384508992,46041.45096107145,47161.36327633749,48801.84365713762,45899.198130034136,48929.872587467886,44630.94006140035,46724.636995650406,47957.719057730654,43150.357982265465,49021.00363781013,50592.87274830606,45561.34059119071,47258.39446511945,46283.607155494,45725.58817399381,43840.52411862479,43926.83955558391,47451.78826488337,44306.53141684216,47196.451617398954,49493.323105671385,50697.684546773795,45293.48343366122,47631.749449684416,43977.09252545445,49097.58382180324,43603.54427721839,46022.75369339436,50509.322842134854,48115.644305746224,47034.667202223805,49836.41246501525,44644.28827820368,46545.65098579586,47164.12492692684,46644.172094185495,43902.419489468746,44210.45643717878,43896.493696017555,47000.160463763925,39086.349092943936,47832.01748896588,47912.60710650278,50882.33880560348,45092.57535718823,48121.19422046006,42027.43514176134,50467.29090270229,45213.57118812348,41519.46228610746,48903.4421629212,46111.40243894639,40750.6833449545,45160.88945810381,52437.80596353597,41343.190816064736,40839.60162685036,48214.94907729671,45444.381528870275,47958.90268763617,44156.52196652635,46971.26129448712,47380.4924023263,41916.14341639016,43490.31442827737,47297.243189057655,46880.528170618934,44983.333257299986,46349.80554106683,45156.93331980764,42506.837443087185,41476.13781757683,45928.2225961662,50406.559691095106,44624.47296745403,43346.85629987213,45451.41766404115,47295.18178017224,44877.91515178272,44791.809336281774,47694.456977259324,39659.875128439,44276.66423759811,46519.846970248895,46200.6399786488,43604.47840211056,42592.9653172098,44793.06188722067,42249.97049179,46945.78678572633,42986.57611162603,45528.87494027136,45342.09242603479,40494.14527908732,46023.34549160392,46947.39905557422,41958.71245673521,44104.76453596785,39606.71779973891,41380.96196221138,46695.09111485142,46878.11235870886,45559.40141028509,44718.27941318844,43274.97828661065,51788.360834922714,43012.142624528125,43809.11100440244,45633.86650507554,42749.67456360241,46903.15780869154,47275.17237776202,45939.47858892116,43984.35691975809,42873.73406615042,43650.47637792096,50452.5225768627,42735.79475274792,37920.85036299697,45453.34234883899,42137.112652700154,40881.575244887674,43520.59001571044,41161.432696534284,49654.03073114453,42864.9654933563,40003.64558369945,44888.19580994393,45984.87333078475,40566.75070931314,44894.44506668519,43388.43062726851,46191.360971429196,40447.14203821386,45627.96737830833,43464.93465814722,44797.80099245629,45121.01677897985,44405.57173807507,43777.32520755719,47880.58839646132,43076.94692674792,40354.39843883681,43314.55392010795,42046.27207214544,47942.633505477614,42903.04755979987,43084.33977910806,41573.46163454241,41551.79727435087,42843.93168905714,38206.375892373064,44394.47367555931,43306.23295566912,43823.91514631607,44125.61963722479,43683.89501855747,44514.336349337624,42703.05988957646,44672.57610208623,46230.25308656058,43185.866982753556,42004.24369806099,48413.65253639007,48745.017396878146,41791.72034703559,41321.59231911606,42190.532795936284,40155.643539894314,44412.283555216236,45038.101106185066,42764.29850815874,42092.54570169672,42234.30846491125,43597.851395793994,46021.17427369695,40837.37200320103,39535.58537659934,42246.32866673926,39068.60785446302,45366.83366978949,37903.18827399607,42854.84246695772,44077.12830159404,41971.273256775705,45065.1232398557,40874.309696605815,40269.071545598854,42619.39749703916,40044.545867512104,41477.67413058809,42631.97084483575,41582.916640251955,40475.63355172551,42874.85347188658,39549.49871802707,43372.82165701336,39608.405588578724,42934.06565871444,39795.16071282073,36691.97411836624,41033.14751644748,42254.73180838762,42122.94463968432,41191.924193336155,44581.208389304236,39814.187689603146,35710.69645562152,39824.08858488773,41360.33366204409,42514.18760996979,40470.31577531591,44043.187245606525,42480.836460862614,41151.13088190734,38991.44983064789,39975.9885739391,42882.82665741824,42364.38012793003,41193.259788186624,42013.403820195526,35788.76589514322,41987.657402819445,43561.2938068831,43413.46239508301,39884.648441306534,39931.911654873256,43592.62058117943,39726.27099351328,42488.173415932404,42858.57734565806,36471.880799273924,41251.31398542626,41432.67748541308,38306.99772734967,39145.38177107654,42215.66714208234,47336.87850845352,40617.036004795926,38062.213257751355,41677.96568777112,38896.960585809094,43818.53568904297,38149.26982701084,39300.582290673214,42704.5374974409,41631.9627535705,43084.38990183286,41167.1592789757,38521.43673550914,37463.1197184644,40995.166619094416,38911.737201739066,38854.38517387917,42334.98430026927,40297.401718550514,44525.64202284411,36782.182603321846,38316.71777590579,44978.58830583397,39290.2978172927,40802.9702102566,41044.11004728152,41804.26345946999,41059.77284714862,39756.234967452976,41970.649860567086,39948.69602820679,40210.58769408268,40151.56405639386,38129.56616076731,41365.232759153005,37867.592757595325,40578.517922990104,39772.1248736694,39045.08282781203,40089.005859930854,38804.94072989321,40399.370795402,40272.25849594555,39492.35005462893,41003.581729628495,38871.22447214476,38440.02305266046,37556.82620981002,39790.87903475571,36832.797922158075,44607.327238974016,38842.95084859809,38113.769874527294,41121.53127897209,40805.95017747921,39721.350525827474,44948.49964777322,41414.845146176,40518.53922656895,40521.2725319865,45188.37164392124,41495.619896635726,37498.70955565588,44441.29814860101,37044.20451234693,39585.060459976514,42904.14838088286,39910.51395471089,40608.04474880456,41211.029405095105,36750.79670115289,38291.8393509886,41880.17093151344,42087.410879923795,39232.49165814935,39943.18338142182,39023.73680902665,42182.81917675007,40384.97485041423,41264.267272643374,41753.02534727757,40764.454740736706,38245.57748641698,43818.31279351859,39307.08861917377,44002.57072824409,40952.522863483995,37633.989248776175,39720.9454584474,39807.72574413041,37908.1630312447,40143.145587267136,44044.35080396765,40306.54039098201,40014.489121186845,39873.53226450072,35532.69739259134,37677.41237840898,46130.20280519656,41005.73275780305,41242.2863286453,36414.4131798612,37817.6881058562,39692.28684607435,41304.04787438504,40155.62803466298,37823.80305518428,39365.75420626234,39239.09002917158,36278.81419728141,35389.044325889256,39579.702476568906,40483.43345717111,41718.866590850994,38138.82606663457,38684.75280644752,41024.13197904476,35287.33939854212,39886.398798736285,37544.802508004876,39768.17358353834,38840.295961519565,40033.26736709644,38780.55641683559,38872.36709855507,41940.85769802542,40627.85075150319,37565.05620930591,41461.579113089574,37570.78693001457,40092.25055364097,40806.21219385854,37982.82926284691,42041.7262554218,40573.698416033374,37906.34475007696,38182.85746685125,38929.29177461113,41577.34559266907,37222.64736826966,35403.79545746208,39064.083980225165,37518.72172742355,38672.99614524232,39556.48147295396,37603.17617510131,40518.49292408328,36427.39146273564,38800.88762102436,39348.9380821066,40184.32836467686,36338.63890094034,43240.0225669939,38003.51440712571,38023.51471030986,39291.6586314,38995.37099400919,36003.62144178224,39063.38355773458,38314.677744082604,37003.624481131796,37258.59117981303,37650.19477702361,41451.546738860976,37970.262577160895,38586.269938351536,38022.68903983813,41618.316303983505,38139.37995343281,39101.61245600832,37815.08683857161,38740.2916150775,40200.519985641105,38176.99925985173,36306.822615846075,37736.9661828696,37928.944950700665,36479.246051331866,34206.85823011872,37866.008395827695,35115.26374715688,35073.01870340778,40155.51356394758,36744.42998880698,35616.358690506924,34756.70077904076,33867.48030441919,39595.900523479984,38366.5621019533,34646.089224376316,36370.90475637616,38889.075280045436,33762.3850468394,41391.15600697144,36774.325867669126,36833.20458188538,36668.0153969699,36833.51812569428,36425.8302783581,35016.05737633531,36250.72888317097,39900.43692400878,39969.30829466301,38679.10505800902,35268.48183287871,38434.53327328743,37665.54969483129,36262.97502368982,39409.538479858005,36853.02253295583,42305.558674317974,40426.09898670788,38476.10589845378,40561.92314747571,36900.2657964477,37340.93970662906,37892.52061877031,36071.82853506867,36562.840231661445,39475.86500386604,38848.09545187546,35353.850933848225,33586.149815101766,38528.298175230375,34914.90489451887,38375.73016239178,34103.280383847334,37503.47354193317,39537.83563340563,31396.720051035933,37794.32342893894,40940.92757862627,34046.265889675415,35077.86502730984,35949.769805194665,37710.46841978224,38573.00992886966,35938.268690103905,39157.41860351831,37209.629846914555,34874.67927300659,40497.425954646395,33921.47327020714,38165.331999046975,39284.194069240875,37349.64685867498,39680.34278974523,37141.49446824176,37135.79407307638,36379.20733910777,32893.07155791121,40639.505218481696,37606.88126610917,36133.37940491942,36040.46259165883,39290.36313785896,37217.57997093084,36993.7195231604,39594.02006533322,34354.550239755525,37859.281195868316,38083.181204775,37498.18198893338,35430.95906809794,35651.5031587098,33769.82528412813,33034.581236645,36505.56831257832,37937.68356533973,38582.85658830735,38107.90998470262,37908.15780080524,37872.764017829104,37452.7641538144,35059.04157062632,40363.874669478966,36912.08803673717,35540.30458746792,39338.23631841617,34216.05632637197,37884.599634749145,36831.24158024487,36542.577800204235,36555.65246865463,36204.6309127417,37773.50120924966,36377.16450972475,36441.82154843574,37830.17203255944,39818.68955323264,34660.088466645255,32730.553841624653,35873.185620397766,37755.8096295185,38382.07572133907,39335.69876770774,35109.66697680288,37979.19059696729,33148.07069130166,33195.17662807723,34961.03380504795,38198.95923130239,36922.657707980194,32991.23517379784,36862.586552778186,36905.98002631034,35545.45288738973,34631.08742486567,35481.76917611237,36183.271198418355,35753.311861766684,36452.99864261771,36820.40575743321,33892.63143402695,35068.18020165299,38018.776646901104,36455.286735405,35085.02770593984,39320.87139760245,35386.729850991316,33888.95263732777,38838.79141070381,34532.70941778574,36348.52050611544,34116.41049121038,36646.309177592615,32109.354598959042,38451.50197882659,36797.39128858807,36910.35307552876,33494.6832767503,35900.86805095514,36416.40970988498,40357.41380461148,31794.868451727485,32969.1680905397,35106.7389855644,34919.41386638054,33247.4835115892,33912.789548067936,34852.159770480765,37732.21893938355,34933.21455330401,34382.94827602622,31877.807911140237,39085.01901111142,34403.07198991077,38265.81958857107,35687.62544657653,36179.836576195674,34373.768729003496,38208.205565242264,36162.77504907565,34088.99482189285,35748.67278126973,34064.34059263124,36297.39104794722,34754.46238397785,34460.76060759449,39011.72818282953,42242.729644008694,37470.376999064305,36170.538771721665,34013.73652783037,34536.59955231055,33020.40503106481,34861.925881477095,32236.64790950445,35065.39492976499,35175.49960527997,32499.650363002977,34173.24244708511,36155.85637136511,41827.12027205072,30529.996923426894,32568.19180350553,31635.378422784364,32908.16208993116,34525.52768758824,36533.97107647703,38003.49412294319,32569.11828467908,33498.48597704159,33968.86067541015,36123.45708318135,34825.10301273826,36156.416907461455,35680.83453141337,32749.95321221959,33084.55278117801,35440.096818966216,37874.59038374383,36722.64742790962,34305.70736508552,33700.02717211259,37176.98042860795,36714.8023540219,30732.790140589073,34400.57354417493,34360.182834311716,34205.38530244919,34365.68852889236,36351.98118367942,34532.66175899539,31923.022249457666,32744.30457168853,33158.44852071334,32366.661529736128,35970.513036033335,33837.035104741764,35066.30925560938,37500.66768636766,35140.615614344504,30186.70153325153,35403.35557250514,33999.807497543115,33333.79093245498,39015.327844267274,36630.59550269976,35657.09631919263,32250.202361579144,33339.12440010307,32245.539654282213,37922.60492086622,33348.97030854001,32861.71652534041,35316.76225012019,33729.59356231364,34624.59359760199,30202.971704379775,34969.416655477486,35531.266233730516,32126.555742422977,33422.284167268466,33022.825821137114,37901.65077884669,37686.693160824645,35140.81866793689,33351.37351747033,35017.55111559255,35287.56211556549,33396.4846614201,34331.14619706404,32724.902968391783,37945.42206763458,32947.834412805925,29673.06667174918,33619.497993095676,35484.94416943121,38227.81480735062,34040.21263471985,35385.6061042229,33660.11561894084,33485.92160327249,32342.605996762475,35824.14411526461,35193.399604581646,36991.82615895714,31818.522331325,35915.82140260684,34801.92820381215,30663.65659430605,34900.86104940811,35031.220047198294,31097.57235288026,31510.39179684784,32605.037751508138,32976.929421930756,32451.165926549915,33896.714024365356,33755.130451670615,35704.029431090465,31816.659793079853,32603.22407912649,31746.238425071773,34810.268105514835,32723.07530796102,36984.68865541625,35281.031800852325,34017.563742218044,35034.15457422873,33790.04381500223,33422.31403161136,33986.33108223592,31096.771085537548,34098.4853044818,32349.94342298282,31867.532737403235,32964.133589741665,32085.176971656183,32867.85160318368,34546.476078785956,34802.64413274708,33367.34455523964,34660.162485264365,33584.142763270705,36175.47487486069,33573.17076814716,32895.16605068292,35296.89045497498,35131.30703144469,36628.43198981752,36455.44558215272,34219.238524580534,36247.27193475124,31600.727034299533,34233.15617678731,30317.913285304894,32311.691751873062,33341.52706739335,31642.777420566294,32093.073330931526,34614.036963388535,32487.40444845773,38017.29745602086,34201.760722052386,33520.17244036683,33891.01584930912,34418.93344151536,33952.02611309924,29687.37043673051,34652.31164550909,34886.60525333748,30407.709261406413,34518.110989047906,38069.64242111603,31753.580506600694,33996.59356225217,37565.47827133964,33560.171175532014,29120.454880617952,34464.338222687235,34410.01383281861,33571.84609022873,36647.99263917464,32319.806577268006,30691.579518743118,30452.738600243694,28959.029176705288,31597.373365679156,32626.41081595103,36959.319498696765,32408.062321402052,34427.897569191395,33797.32328175422,30372.582055930874,35711.81142578833,31046.481626287237,34499.71469899957,34646.15995057186,36044.856863320994,35127.28401300715,34116.580504839316,34568.01525602427,33739.158230658904,32649.54921210084,34328.977046345775,33030.33349913739,34136.27610269226,35027.33050967861,29108.39018456262,40138.59620862387,29557.100572439373,33784.68769322584,34643.940035540785,30848.97686208237,32539.27315094435,30468.693249888463,32857.93657517813,32909.407664706596,34424.99612244843,29872.637405641042,31663.062314986928,34290.29184112975,32667.294577395227,32872.80702629167,34762.39347858094,32689.34699738312,33680.53779629817,32739.52559373524,32226.26744935382,35030.26595123129,32991.871944396145,32876.554910622755,33640.751200679275,31938.799840863227,35062.201959007485,33840.02421161452,33315.70634486482,31412.975898479657,31159.556945464217,30873.13982918423,33830.30581724732,32216.437890659425,34253.94355564088,36075.72017091882,33462.71767184449,35215.58332208751,34049.6601746995,34406.922187964185,31736.647656909467,32215.387992649514,31835.1010265415,33780.703181290795,32935.98328039103,31743.49186064098,32477.82960587506,30682.04019804986,33311.66574021849,32720.891571140808,30410.143904811313,33408.692031922175,34673.66332293635,33676.62461487038,34619.877710417335,36998.200050583015,35162.45896752229,34480.706384787,32889.868964406516,31766.52391316539,27385.981202385847,30818.738087407066,34276.47057422854,30511.25425424494,32211.126900485877,34696.860016661536,28452.03883927809,30806.397336708444,30652.121987167156,30239.43928155681,30378.0600961809,31940.119583212872,31735.48478142174,31862.072138019183,30641.37861500191,34114.54849024311,33561.22881832832,33533.93437529546,34949.05712130913,32360.834717127233,31852.33523741796,29018.798865476994,32519.658925677868,31413.24021907889,31395.994976207756,35811.956170625235,40795.266171706935,34728.3086905323,32152.40503742452,31644.38959178873,33999.84872724377,35393.813823408294,36109.35828253017,33549.184842938594,33162.5042218672,35270.69166288419,28057.31174405021,31087.629945920104,35365.45199253814,33065.17743468542,34456.32296397441,28328.185805820198,30558.868709495433,30727.105965563704,31599.88527540853,32192.96176804668,32347.924191119793,32362.36433597343,31470.876819195062,32978.37847355623,34776.00814718727,32176.100886737142,28642.83530339259,32799.29248944993,31830.656893425927,34284.71376283106,37503.50144958523,33990.15626740445,30204.713866563165,30601.864072218366,31819.062654971272,34345.961579668714,36275.00625876838,33904.099284243355,30486.356452161992,33265.280904764775,31358.47107352715,33474.282477926696,32822.706105364305,34874.04637270431,32450.828923046603,33912.13071204648,32196.78996597036,31398.250146829767,28634.66978460574,31661.73108772509,32452.02714993765,29488.90060353909,36134.34083032022,30671.273624679343,35214.21358146255,32622.51091432835,32824.76187236849,32941.63566825087,31455.58407061918,31811.410820459623,31593.949408183995,29718.822486574132,35283.54378483702,34291.828777553535,33217.619262306085,29880.014261960732,31534.838148297255,34873.72635656276,31644.012939527795,31260.115882027356,31208.011087332132,32725.422953923488,28982.300760854614,31476.84517066689,31788.958613081402,33891.63767690914,34094.85515432726,32858.84774933019,30986.82342033565,32793.39272847724,31625.337361670623,30144.65128255889,31964.80121775603,31148.35132580262,32234.720210956828,29414.678812522612,31028.15624189274,30553.648126026597,34410.78638054721,31419.25516647849,32529.388548743806,27052.483413831924,33068.684943844695,29636.864141031354,29758.075094888198,33422.992433098276,32943.29767864365,32901.13505232748,31552.68250705013,30720.60375382976,31077.655240263633,32226.42172611097,34418.70888386157,34304.55673535597,34569.423876749905,33444.698991962956,28763.785516086726,32028.481563405305,32130.2786532865,34124.066897570134,29854.667326343748,32814.06239281173,30889.98908388246,35075.902187122236,31261.94509309508,31010.670726054173,33058.44846789768,30190.241043545928,29036.056479254024,33553.15151360932,33056.10241671917,30756.17479660306,29040.738758250267,28740.972047495125,36035.89680246074,26966.220315323037,29485.100823440735,29675.41890246275,30756.14034430183,32146.503501958232,32067.10258324902,32221.375439432108,29788.550498870733,35243.76065956879,30172.192175142765,30994.49255365101,30277.772972017738,35695.30580955874,30318.382622625853,31792.45605608584,32821.35880766359,30784.724819630483,30399.784405253467,32516.93642803286,31384.77619647223,28790.964502917665,30314.14996876562,31389.274308999007,33108.2349649868,29073.318366557363,30531.6542943614,26852.813074449146,32826.74165786022,30365.952066854927,26895.186197580908,31820.53957615129,32638.58547569458,28791.97761758888,31028.356764283893,29401.681203797903,30461.748449747898,32752.257638861083,32483.50576497327,29600.31611120249,28806.659718338833,30570.204485110782,31202.566236715607,31915.581109862986,31950.78219763774,34199.17480224146,29941.83338910579,25665.005546617158,32751.094803735272,30055.282672299058,31227.884224962847,31300.12809140543,28855.703274193467,30126.524520232288,30895.990253523236,31103.037300694556,32934.72566398385,30246.02075700505,33054.3212701526,30055.724864570155,29347.195708100237,32390.136325721556,31904.64344570683,28801.6552916982,29990.188991572715,29785.265178413323,27704.466846988667,30561.252309679843,34005.398855568754,29102.365096647027,26247.40022868311,31116.690689246858,33719.36532908215,30762.2797747983,32590.441665788065,34315.93876558835,30734.097308948796,32225.103563791276,30538.918618437714,33132.335361950965,30891.055557999774,32004.04848240311,29980.746690829834,28923.251916800866,30600.36299852907,32924.64374122981,27743.966389471057,30757.056396100772,28423.604587344842,30936.78528794267,33470.58005554305,28814.544411738298,30783.860270704154,30344.853031060808,31124.012920461577,29799.45736659032,30219.486534968026,27855.889572359232,28681.333512864385,30088.01212626711,28166.134066671366,31681.72891884768,30524.54443468066,30625.75120096733,25707.77044743615,29107.35398256668,31085.44361970621,36668.46822348428,33195.6151448417,32577.32204491949,30081.700550240468,29339.245401784694,30905.997632808743,35625.17692245568,31324.44992830746,31818.47684910284,30283.28162762632,28681.405604933752,31842.987392740797,32941.44872364957,29656.739178010812,30200.582021347822,30647.999620941377,29769.9506501612,30876.17588200839,33364.032486226235,32060.848683746095,28161.159359982517,31508.190063580427,30973.244710491115,36882.40894366237,31030.237299280605,33119.13087225523,31550.12330419615,32789.41158888239,28179.49543590396,29503.040458766412,29851.516322249594,29891.857063287134,29077.158624672742,32466.274420211375,29934.679474484812,27713.00943670001,29775.159659491695,31415.971522527394,31106.525853428815,28927.656056310796,28952.111977501256,30721.441527038893,30154.555138584754,30479.69123494972,29814.388157818386,31908.073630301278,29214.86445489391,31832.05486043717,30822.55728717821,30513.02569607794,33254.65504927056,33424.91841505268,29310.157273814846,29151.454154909894,31098.464752759945,30448.375734202153,28658.305141092067,29919.932720483343,28619.34614540145,29206.63471412786,32597.423150753584,28868.796433205003,30809.561800127925,28346.42450786453,30250.45280681656,30135.6753548854,30691.4254830108,29007.12461913297,30709.412925556357,29062.45254993892,32141.206001185303,33371.601055654326,30833.870786706477,28160.373397908817,28896.05355624243,28784.204247633457,29686.335817353585,30148.672789900305,27713.875999753505,29665.332701599866,32280.64996588647,30020.492219575866,33278.78350544119,34445.224580440976,31000.495685007423,31103.76791659982,31570.176315891877,29645.982484569362,31194.941089858814,30020.029034590352,31174.007565263953,32125.284772214112,31891.260494820734,32862.40592970219,30471.423211298057,31510.789287878626,31396.186177576914,32719.86768262258,28047.572711962337,31688.147326082722,30023.30580367574,33825.58667743189,27275.065017084456,30966.748833730824,26517.775654477253,28600.78819013978,28253.45046078437,28757.35878704818,31713.4043773743,30393.11740871651,30733.144731870165,32138.001538758617,29938.223640553846,32914.528454079125,30197.61516738366,33181.569465290995,31352.110251909904,30628.18660818931,27761.589209605812,29995.398021038232,29440.41641739691,29893.426159573515,31745.305360084665,30732.74328168609,28489.974155091455,33337.588522917875,32942.26787122909,31447.40305702438,31249.96799518315,29648.292344347286,29874.713139711814,32650.447941730734,27527.021550438494,31237.41563682432,27521.998425617872,31369.111906444246,33069.6524612825,32718.408865383786,29912.258217473507,28804.09008799819,30045.584679819593,29710.58164896367,29027.07505800522,31045.78357983318,29516.530213651702,30236.671739020992,30537.00212554048,30301.99487630628,28523.862054071968,28211.41779095777,27280.4616487671,25923.58815732679,30143.509277126504,28271.43799549649,31996.057617057042,29209.47726727288,27313.074126287975,33740.792672678,31095.978683660865,29655.011715123364,29987.38838686967,26811.88464482124,29978.783028688016,30154.345683120653,30370.062976719673,30069.32137230146,30640.521835463194,29878.153752096303,30430.09238635093,28951.79186438744,31842.171092634842,32809.93911241569,33564.31969899426,29295.527655538663,28495.73972347655,29509.91608651665,29777.455631151715,30281.80492330064,29146.748459134225,35664.6610995888,31359.464695796716,26557.6235214561,30357.099180899182,32279.94046427726,27997.08700237543,29995.675793467697,32944.90184780177,32261.79736590524,32395.465355673045,29222.42037669589,27190.565268840448,30335.58281584365,30249.27887980999,29711.36489826224,28208.324731687757,32105.361931178428,29474.250077235574,29853.954817300346,33219.35794422449,27069.63635291929,34540.88558138273,34596.007626518585,30320.67968551939,27673.373468458896,31879.56073684686,28807.04944081557,33568.750899372026,28973.56702145281,29600.0624293488,31652.335917653865,29112.87987377989,28709.681132819016,31267.32712274148,27460.924067219537,32130.168341846453,25943.7135700673,30454.245784549308,28960.816122260323,29295.554794745207,27442.084992321055,28707.627840751466,30960.43618417397,28247.302387863438,27473.36465653127,30586.995142131273,29993.92348775646,29058.37661903168,28519.064014090123,28660.793240705032,28802.127165088645,30498.904720437105,30759.38552006167,27456.873128585445,30178.065304130556,28661.036796629993,31353.05248039489,31897.317321923616,29605.462137820847,30041.592093799813,32352.417330220564,29490.87052227864,28418.929548267315,29957.213188996597,27245.910392462043,27407.62148784292,28271.86077461385,30530.598265557106,30696.20118723003,27990.539876308176,30916.461507567685,28491.349789328713,30934.57866228834,30826.206348465035,27147.21321370408,34451.03467595765,31318.623556409773,27921.15301741196,27911.95708445052,31077.549718463266,26981.705774520262,31393.18289702779,28844.183493271645,29392.200026721657,28084.974019561803,32012.998930431088,30651.569732714714,31267.05492723086,27482.272129930545,30502.380058368966,30621.31969581085,27652.979367119286,27708.44407566322,25929.864472960413,26834.414758094532,33148.2083077187,29783.473989764178,29015.931107989978,25470.764376402538,27263.469222830852,27690.55999418248,26440.693898101606,32042.325348752,27123.68394472428,31250.668679548096,30671.533479839203,25742.867416933826,26869.92288129664,30487.751665740278,28945.801197746336,29509.642042052667,28838.1252356077,30853.248836198785,28312.80788460848,26866.805713560807,27730.150128674766,28208.41762255298,29646.558227931517,29117.747573858946,27872.185293784667,28973.99436826853,24953.004452745954,29508.14066639964,27778.79207304997,31720.60679971854,28150.011019598423,28082.942957008065,32179.33815979817,28409.623112084842,29381.484992563433,29406.207422789445,26316.783621200644,28613.600643002515,28574.7681118367,27269.723332891346,28860.006008387947,29190.733266528474,31463.473832438765,29500.95568788483,25650.254554523617,28580.940207471016,28795.291484638867,31857.820693189024,28548.848337783842,28841.354570610023,28084.22112778598,30038.52487441764,30964.334499010332,29464.837059064153,27417.461994873214,27898.126796356893,31748.401707945515,26407.55819463389,23777.333302730738,27007.892847726453,30827.200901517772,30621.87043778764,28027.330448447174,30772.27205828813,27419.352188609944,27238.200520079987,30069.714754028693,28451.715100087058,27764.637933610575,31453.559785322992,24809.1306145326,28580.683521127205,27182.284726231024,29144.881095178123,29390.62655721888,27080.748073435927,29884.886457196048,28677.005089294737,27497.04398026292,29135.712846479822,26206.009216457674,29731.718069169674,27408.19008845649,28851.320426817376,29168.063591991824,27612.49463787811,30163.994267492595,26506.69220808714,31223.411608340448,26529.241253092863,25149.06642072276,25987.56591212506,28793.415097381247,28050.35898316162,27347.155843935278,27714.43625641126,30403.89589465163,27613.527225266324,27689.757800650248,29307.877110889243,26853.21537685459,26642.845517043785,26381.120328050878,26877.25658824471,28129.545598844503,31162.922627580374,28620.947606485377,27034.06944689192,25889.57235611283,27842.871979929336,27946.879800743543,26479.67859488545,28725.190910310455,27838.66848459732,29542.020499845006,28765.704161772053,30225.259992966698,28530.12605395263,27545.298154773216,28569.580076421793,28419.614246504636,29073.89427504542,29114.846599980297,28188.606419278098,26694.816400292268,28134.195276240698,27981.092177159862,29549.966729829626,26301.759996184286,29373.150079134055,29801.62100794056,27382.086027332727,31742.715713429483,27167.137878850255,27255.48280789689,27828.675193854946,27167.233566237715,29300.400421126935,29350.706470887144,30594.803476465717,28718.12725772715,26517.394706628147,26283.21646474387,27861.258001079095,29608.700255098665,26333.41305771732,30972.096746062158,27652.88194520976,27115.737976054887,27320.16031308669,27141.620880238537,28002.846490737476,27550.20060839396,28322.59721205067,30096.188463184804,26156.331703712076,37209.2814017794,30876.421867395886,28202.555747788683,31508.946008521692,29813.80543947497,25335.628412786642,27224.847173267153,31864.329308092758,30034.25310058008,30911.320770496797,27928.635836384838,29659.31693563305,28847.35055488253,26903.534261938443,24380.591122928352,27117.19104925319,26695.875411697984,28926.95532426177,28303.169310565205,32402.483981382127,29305.50730810795,29850.267365732587,30194.51238768119,30741.878518479323,27884.24109851716,27589.224106239977,28670.409927977995,33124.76526846307,27335.890377375377,26473.25544842372,29387.66123973629,27532.451918516603,27486.912292809302,29026.03464973334,29040.799123625315,28982.56985747169,25733.680579687803,28840.947028032864,28656.829934437526,26789.287799213616,27347.783482959843,30341.875683527,28091.185380875897,29645.717407345484,28613.272455820003,27722.527617910877,30716.195795923304,29369.346161104386,29057.31328654999,30442.441452607614,28072.035759889994,27624.278945018923,30136.873946949803,27524.2428648815,28641.784254217404,31196.04003706768,27260.90922722892,28132.61906164457,30394.420085200887,26594.066289837927,26915.970165815237,27707.374488613244,29941.501991141795,27759.090755397836,28551.73814389113,27097.406351816775,30040.12029483684,30992.38526039839,26761.359886308845,29740.200078884445,26672.811321908222,32237.80867347094,27550.37990910339,28841.597994081316,30123.322700654404,28633.065511693072,27814.256725282226,35076.790067815076,27133.98733137043,32186.604413889156,29367.73718111651,29601.44177463513,28105.619745395597,28282.56703039393,29238.471476860268,29591.690020196427,29937.519633294774,26944.763064955263,30683.362171658096,28783.299582471027,31605.42121293667,29748.20680399782,27990.948350812938,29335.49981381702,26717.667005460982,28470.049044789983,31777.955736798518,28969.27689220159,24537.01585094524,27221.158770887694,30912.34143214056,25983.38680704872,28542.70764797991,32730.46455949445,26922.607241716498,27554.892608171507,33138.700866463514,28467.196474749144,27363.549596864377,29223.476235898346,31868.35572012006,26426.11974064942,27491.297276933718,25960.732581969503,27052.193279171217,25662.696893217617,27538.333469574467,27538.629864324306,24679.20709637441,24585.74085286521,30559.084738747708,27406.095407640307,27979.052678565015,27192.73029893322,27128.871233698326,28578.766100048477,28209.07754213991,25138.64112241621,31731.096012732123,30817.960759507525,30273.093154732156,28763.551434661764,25127.38390930317,27966.768370625716,26786.618377630373,26165.4963949831,27868.98684080308,28196.880564798375,28867.877037650753,27509.67996861611,27273.420488248237,27878.796280263414,26418.849029753652,26674.806047433,24218.698482897093,32313.4565164568,27105.452644305453,31212.1289619453,32403.775395618974,30294.08903968966,30083.896468757608,25138.905661267338,33079.879667285066,30870.693485208878,31443.28935333236,27716.094242038875,28674.59094658994,29591.994472783106,26529.970381342453,27341.831117343438,25720.463083088798,26928.75453583841,27362.877667328325,29796.496862712553,27634.335512531863,26930.66703646979,28351.734723861635,27966.500174527606,29032.258392494583,27909.950248881272,26150.04830855137,25236.891731393232,27381.969914080895,28399.882266445245,25455.80039814088,27878.84443517652,28854.823087417706,26342.579778266398,27505.056576309107,27700.701555294527,28440.683723943628,29164.93453749235,28003.028107378115,27175.534985239454,32179.237537916764,28163.515652083526,29251.062139427,29771.165187170758,31119.61642400086,33591.84862531143,27095.60935635739,27865.227142504777,32239.394788450125,30837.15097262128,29696.897208865517,23640.11051108224,27749.525128203397,29786.321827893724,29186.40795019036,29656.842051118303,26198.473082767,27706.16043323049,27935.896615966412,28401.99127378876,27729.396298138956,27339.897680782742,28894.575416865788,27303.897961174265,26551.58458283036,26794.87353135078,29596.98764336795,26782.031426431036,26178.205791795845,27539.697638971382,26437.244493782495,32889.88224546267,28826.029261288913,26031.915817667537,27174.941028452897,27098.509360667955,27298.58182025413,25758.496151216666,28678.793473536676,22222.829097367518,29740.503510110542,28149.603907345536,27992.47489475968,27968.57669666673,30026.856627169243,23717.710121159573,27393.411038001384,28150.318108591142,29615.564109315666,26505.321461034404,27666.044266632824,28945.59926736973,25449.964233680283,28815.398608764044,27773.45035210536,27908.516323621567,26407.008722561877,25282.16721763902,29845.806260283873,30084.45535054018,27617.044167402066,27549.045367280374,26823.16599932142,26125.820764872966,29959.355229123972,26670.479375618557,26636.391420790333,30699.025367512757,27909.194154739536,27676.50566467115,28715.875236786538,27562.852223507216,26018.941803449114,24840.169548277703,28083.75254231791,25521.7465584159,24944.61378881392,27056.80640772053,25240.56214583905,26788.370839654566,27042.9114873741,27983.89905832542,28030.492547363072,27763.689799083964,27298.21770452204,24755.60341481945,28999.117454061903,30308.18319818647,25416.748289015846,25018.764425313144,27050.24191740648,26084.079078855077,26009.550167770907,24449.476601006805,27924.00223166926,28435.573898519473,28925.553975425704,24858.902414466807,30392.104072659327,28348.76429164045,26522.785092625876,25997.938644525773,27689.491594356597,27592.317748648115,26584.244372750203,26996.007898448173,27843.733307413047,31966.489488171857,28497.004441554902,29182.0922223507,27378.417389682843,26121.40002980923,24436.69030998525,27640.767378788547,28850.39553086888,30107.354211542242,30130.89636830696,30407.628649545557,28804.13163610037,25635.358919682956,26377.260536264308,29386.00525520406,29537.39587298312,27503.25224768893,27758.865584975498,28259.783679128028,30301.80531839485,30297.923712191132,24230.216541495203,27053.190490710444,26742.73576118828,26061.123987640425,27861.89323484003,23229.71913186078,27678.09523002189,27581.439882283492,30546.14175887006,27929.662854643564,29230.721679254737,28740.675016010387,24849.465408911794,26933.47892093339,26809.69727309706,28994.210431593776,29398.81413079754,27360.08347759218,27456.052869645977,25132.6366743393,24247.970020089135,31061.374149743584,28060.691147304467,27295.695567382318,27077.16780997672,31958.25147107153,27520.062341775698,24733.826769021518,27265.659625342207,27737.855483354393,26065.410613972424,28488.075683585557,26866.395690582398,26112.688433812706,28058.89730015697,27750.60150416774,25467.741567215046,27239.94085891394,26735.376795141554,28822.74846139038,28028.41720728253,27143.358495772474,26853.558728547545,26529.01528300255,26989.080046285195,27482.975243676545,30496.780762847462,29064.878559824316,27978.195524912364,25908.255238059686,26114.174072011683,24623.978503284146,26630.312545984347,25862.006773566358,26767.51058176545,24570.379141683705,28981.22038247483,27114.44696031019,26661.046986195277,27658.642894064327,28118.723405376502,25917.458213314225,26154.864432929593,29055.900253741413,27028.143968267817,27561.40677450957,26791.674219374396,29000.589691737416,28312.607318520484,27640.919934592945,26840.327713051793,30427.413969163492,27321.502661572973,27008.24685962368,26032.996743891897,28294.399903626232,27796.66195874974,25384.8126664616,25571.99978282975,27415.68520497727,28138.879913194516,26715.146125913685,27658.651109987455,29003.81299229793,25631.51183784086,25390.817766893935,26482.669235128924,26509.447255880823,27961.29968642909,28380.53813062066,24303.978954853457,27239.202988552894,25780.737911039098,24427.410036883844,23900.53681108001,26383.24915563771,26641.83716842034,27183.557514661872,27730.368414193083,28234.590211401468,30244.400207018105,27203.78462684945,25526.354665809267,24028.96711424058,26164.597575592605,29405.008950241783,26260.24264903581,26547.225226544844,27119.488464159083,29171.589006025337,25894.196929013207,25934.23171540139,30796.44950073685,24663.474139430506,27059.7194235107,28792.370187513323,27671.00916633825,22864.626167275957,29268.074307488158,26497.121032270483,26651.93631061434,28673.92891975809,26588.35911288649,29128.5001969061,29329.00434286023,27980.658907587615,23424.973294431056,28760.102093390156,26417.39271330726,23604.308764002628,25196.14192080087,28132.815974407422,25545.210770225858,26873.596910901906,26915.368343753427,29278.856739561026,28322.134473396334,26594.7906715676,26753.638532664198,23884.199379425536,27360.936291920963,28916.086448544844,26519.316238770178,26092.45526100907,27296.94868994728,26418.88254091276,27873.79009918593,26800.762804753216,27178.392020171785,24857.197133276077,27906.911155263904,32479.399040490796,27404.228077537296,25666.841301602686,25606.121021681094,25505.581929984706,27132.06265995053,28081.38751078841,26387.887435525285,25464.113332354424,28402.449411431982,27149.999319156796,29188.826190829037,26988.688338501594,25022.65182663289,25729.94747163078,26453.646691781105,29750.818415054226,27301.0197309339,28957.717197726884,25941.612865506857,26029.273170196637,25304.82663423527,28413.79777585132,28645.904987897975,26442.272778930943,29210.810274751457,22626.554658393834,24765.881777020997,26657.977156528676,25586.054644014042,28629.754359427086,30254.275341126653,29849.166416146163,27028.74080244153,25427.892897326128,29285.088746039983,31198.561357227656,26784.679679326287,26772.64684247125,27572.527828249058,25232.91591708745,28962.361553879604,27315.30612665433,32745.54888415725,27992.152877826404,26981.93029104757,26655.027393782075,26102.004546786997,25139.83632037107,27260.671584312662,25517.07386670324,24396.81933757328,30100.6588354517,28518.0991424687,31068.454313334518,25311.09079010398,26864.547162133964,27053.573590627464,29932.721833636093,29727.67706297438,28652.034419646792,27805.5000762633,26301.376073990912,26236.924684391754,25778.800031404782,28905.00445078849,30417.34758346527,30956.357371925154,27229.527054774724,29173.38338743853,23848.24750398653,27309.67311292547,29261.132056389208,27244.696261351135,29066.750475870074,27157.014904779622,27071.921449518526,28249.847395696215,24380.834296578218,27298.724677444523,27441.816617618788,27360.564806593124,26859.928931872655,28435.452222716984,27532.27835307573,24468.819929440404,27687.928722249024,26797.34546071091,25789.271309328316,29279.74930861508,27478.163778981823,26226.067281229076,27540.83121205424,29221.168391221465,30035.20270204507,31163.910350820915,28427.28920106491,27740.31604943491,26650.727102718487,27308.61871573597,25477.119552215292,29937.324363959735,26780.472506841055,29616.095652613247,25725.3314020599,25407.14196239357,28291.91640842049,28157.28605426688,25254.164069441664,28764.519930126775,26963.63807606319,23925.169405801294,25691.88193817479,26173.372665595,25608.384961988733,25470.259316043914,25607.985642270487,23031.531924281175,25451.88304911823,26551.946117760417,27675.76937101081,27980.546247755177,27206.101909314355,30551.60495411317,32265.884818153576,30278.061143189003,26933.469933991964,24291.684515087756,27326.983667791217,27218.59387307833,27849.969017997926,27097.103939596436,28363.063230164546,30008.095036742296,27070.90078438173,29230.86705868286,24975.309989738504,23880.453430140682,27496.73766790172,28679.45300470677,25613.72141926586,26677.084160459694,25808.032404184174,28146.10562248196,25884.69755370208,27796.991806593425,25884.510121125222,24817.282789951412,28018.987146101765,29120.124515531257,26843.701518891372,25117.876256596148,26393.79918090659,28186.317582973606,24934.059904991365,22804.55656345815,30808.673615003496,29963.657113121117,24647.038666758213,28793.838920789178,23865.6643321902,26859.088300807114,29077.617019851925,28866.37050910501,30492.45799410537,24044.677691328397,30959.997150766136,27890.346930643453,25465.913513495583,26424.637742607654,26905.346679684833,26062.902458145534,27492.425191510214,23054.51120835724,26815.02802045373,26395.652787730876,26300.985938325837,27105.765897857746,29477.414527305053,26252.406574245764,26342.45409741137,27217.432062641063,26624.771341906504,26500.22551220703,26021.929318223345,23827.15274598197,26084.802314614644,28092.119910235488,25529.505281861024,28656.405576005858,29136.354001682426,31894.308454180144,27850.602972685472,24794.652347970303,27325.328539835147,25891.858404591407,24090.520536953063,25570.62244988336,27551.17277475683,29086.214612964523,29467.82259945507,26855.10101116374,25436.432248214027,24730.10523886528,26988.78900724466,25458.410889217987,29063.53029535743,26577.121164878783,24047.83946987429,25322.510199527514,29226.171206806855,24756.948771078452,27733.570476602854,24229.327390336504,23835.219681506605,25306.754428445023,25622.228772037168,25264.186371795153,30597.030526651877,26739.764782003218,30436.977652330526,24463.501967185213,28213.55467555611,25781.117556898967,27145.230704473735,27189.77934849868,25249.48743052297,24992.290356989764,27504.223848201324,27300.277699240247,28099.98640838279,27027.159673989347,26912.48300452799,24024.560362644457,27610.933898247535,28212.45437611589,23733.63061072084,27259.01886811413,26962.61379769611,27608.003377973233,27752.846864101874,28828.272271587146,24386.608499001093,27519.597666635575,25878.718542583272,26704.282696713566,29265.70448994635,26665.012221551442,27680.301550932105,24523.720894956325,25281.15529929814,25719.811478059895,27295.98932596222,27088.132470747223,24629.418980109895,27426.613861196067,25664.957984526536,29094.974104804565,28404.2085253777,24523.046382470944,28264.48099405442,25785.768175198395,29404.87009466621,26978.504834331234,23442.26231366901,26847.109473542885,27815.289866202627,26188.03736960848,27801.827353949713,27783.94333568937,28337.930947746416,29635.220880076602,27316.212938298693,28253.75425420184,27574.563679919942,29606.873026883666,26094.004315903207,29100.542469450622,25583.50327591506,26221.26952530493,27370.704077806244,30333.57946618017,27594.7163414781,26370.72165049625,32383.45583326269,26283.911193223186,27529.821786704702,26679.611668424088,28150.40528091212,28463.68805140808,27084.219913130833,26412.47448133008,26296.74882856274,27093.01192291032,26801.88602896874,26375.004612050394,25612.39640556414,27593.765926215372,25488.792391831696,22243.836705820184,28710.66084497643,24760.988094561126,28507.11320094554,26651.392636353292,27041.700678091518,26343.799924725157,26576.92964889825,26168.09516775368,22432.269908335973,25598.23043835644,25009.758089645904,27870.43027413642,25048.74480651619,26711.412160526197,24714.83248567395,23791.71879462761,29875.192428153576,27912.863512193464,23539.649278379497,25949.553361830087,28890.193935061936,27569.531874815348,24226.75157671935,27916.500726928443,28934.406753804717,29084.908262592136,26086.83582375599,22433.40855675337,27832.513036066455,27777.158638104906,26047.91877302345,24372.508246363188,27121.347873929786,27593.126464562134,24903.351651705176,26822.22363323606,28463.448004376012,29307.792731944523,29307.011153237614,28489.24740814301,23766.749834689457,25151.78826597204,24201.11564043542,27176.282108642998,25981.389574305485,26168.17980429824,25765.551393380643,26012.558405881722,26608.328571117265,29026.39589019596,25006.25281479953,25915.709698283707,28419.953579967194,26177.286161241518,27667.61609291181,28506.717867677882,28138.22138652248,25715.246749852442,24585.19225701181,25126.854994501104,26828.310138269822,31296.012685063568,23618.183575612697,28551.18547840534,25601.551804164857,27824.434269656238,26209.09777502021,25685.68987755649,25977.952310955774,30243.128043103265,25486.731158311017,26526.317531109486,27497.89516568028,26446.298969426905,26177.68753410942,23807.28408753715,24056.270247608805,24045.00910000788,26416.509873650186,24881.20978466246,25588.25956416679,27708.060692223236,23233.633935768874,25022.900812462296,27210.93513582268,28480.954567121553,25106.85459320968,27629.077365442452,26370.558665806315,29844.616470451667,25200.856066732733,26666.11916666045,27781.834340258072,26733.10465575551,26665.053704918148,26659.062895731153,25031.864189062253,25082.36361499346,26574.494140808507,23730.69841957584,27762.71558083506,27087.071731496937,24445.075518986083,26841.579460018445,27878.36693955496,26354.056647054924,26336.723634825823,24931.154117395585,25823.85554068507,27124.19559738578,27352.66135676115,26837.66537078322,26530.92440541527,25628.236705313546,24648.778099939642,26746.256992856735,25404.021192710745,27175.38995856398,27542.425506771368,26487.27170943163,25871.35173326613,25092.751099565325,26142.812897824373,27977.635438305384,24954.367910687124,23387.475730866798,27523.016666270174,25167.544460930763,23844.09537147542,25662.92786658773,28583.142812239832,29027.5640269135,23619.322757609407,25094.511326915952,24413.85205537965,23853.48321447696,27756.29494005105,24422.981898915004,27317.251340086023,26555.60157033588,26292.643335801855,25421.36175689235,24473.06452605445,26577.79988535839,25526.7932774509,25425.529396834172,27215.585391421868,28017.403486472933,25263.482287200823,27649.072055159802,26842.155010660543,26484.36814155796,30971.69709440289,24571.100785607625,24895.510363262267,24992.7219148615,30078.425044752916,22627.80815062654,24929.165584960494,27694.7990846462,26708.102563932658,25556.4411367912,27504.37185464415,27935.98541110954,25138.648526711168,25518.637110428637,26786.560267855642,26533.091040230374,25852.061941575463,24122.037899636794,28320.25870720706,25609.047783193688,24657.640907403118,27084.653242253036,25696.601440502993,25814.71818202222,25276.550180137583,25263.934812105173,34185.17015553652,25901.23919147936,26005.57340676724,23693.58164222526,26424.08781368013,25371.39015886291,28415.840170356234,27303.661371443242,24592.780113342735,24373.032538800366,23767.776010803642,25639.32035017922,29280.037925331373,26404.6677724956,26971.804996521136,25935.448383216404,26017.17341948131,26195.997709696097,25803.984792048155,28359.272063981156,28401.13418177083,29165.925053688232,27752.75982109411,28190.311626930838,28986.787372693816,28483.714853393816,23721.435243579806,24174.695189816408,26407.874664986473,26010.504830458023,25017.90617103978,26563.494715202523,23049.46425449219,23021.382414890875,25930.09687304101,23427.603275585458,29506.058904784193,28360.901084880195,23008.51245225574,23553.41380957993,25450.015065712272,22885.65933576823,25620.361465973143,27454.82294975716,26796.186252278127,28523.243575601147,26673.953923050743,27646.335640778274,21550.73424719568,22755.467500233863,27241.824401238136,26750.795120976647,28613.29534106454,26773.09463587055,26589.83202917647,25121.255554854586,27363.85333471019,25858.189643967038,29162.352963262714,24066.963693662965,22455.071963764003,26154.939409157745,23556.775511330816,28084.18462509933,24938.43251180469,25616.171310442867,25732.862853988405,25319.709841254302,26175.835434164495,26227.955668915074,27243.72735000671,24129.938034023067,29058.951173916925,26379.82910625285,26086.30075667105,26172.59993982142,22740.614494246885,24797.794887008593,25705.853014595403,26583.59716661105,24291.521598119587,27453.503495259996,26038.722378409526,25609.09235971573,25054.10924308465,25215.162319449442,25355.17284234755,25890.794438272933,24017.60508694163,27487.05401840547,26998.00938713179,23403.462233465787,27450.71616467865,25035.79963993323,23694.84772634827,25148.11946250206,26190.061458973552,24724.924216324056,23068.000121843037,26157.18321548552,24407.716444525704,28277.665971584247,23859.20612476286,28368.850446676828,25443.434550297734,27109.71913987479,28446.00845798307,25039.948251762587,26598.637560232397,25014.35779649597,26268.850338378947,25448.47476507569,24754.563804399775,26509.89403795514,26195.846228717102,25653.91867694074,28800.17528510213,23916.833834732144,23740.898780042586,26158.383658158975,25640.434541412775,22475.478250328597,29302.687578944293,27492.25603209217,26515.04026768404,28863.287198303453,25569.271507343223,26233.003920051826,27357.78347777382,27772.089226310818,29297.247325130797,26145.77582529201,26447.520974609357,30379.60150598157,30293.332808696792,25320.74288452409,24702.01565044191,24383.438324455044,28488.22804535086,26001.085942587266,28159.89698105503,26784.242769306125,26065.423149569935,27111.888403854144,24471.847166998043,27316.689118592385,24618.95327210574,27139.01056760255,26852.25356500841,27045.968471345583,29419.576776548583,26629.263925886287,26181.304593298886,28703.0807166876,29469.46069735199,27015.53977145876,28753.30049904064,24627.345230580984,21980.946608276343,26048.115160119643,23704.35306339477,28030.014166723184,29050.912857923016,28158.519140478253,24744.310953242915,23101.88406724942,24739.116036193693,29589.25841923991,25565.459831569773,27844.579840385875,24917.801670537145,28665.311614558326,26891.294450881458,24794.288054300705,24824.402724804906,24439.612151517165,24535.087229263376,26577.393839945005,22870.589626937286,26674.793746644158,24256.67451112537,26477.781076181465,26832.35913510628,26635.98596735418,27786.230753849886,25833.296613459603,28487.65688297441,25527.24503715544,23414.937894269657,25506.172328105346,25908.46590333836,26756.989502128123,27321.115253178956,28983.520560051733,27019.50833917101,28053.112127892146,27309.75875622013,27816.685134567364,29243.51488508087,24787.62332204668,24852.311597257947,27416.375671360125,27078.67168466186,27259.263530106946,26573.583554938665,28680.990189136148,26281.28018239801,27526.02501222735,23921.09501940712,23291.555959584508,22193.899362164342,26308.3503100846,23357.815220729753,25425.24234776888,22714.771217008096,26101.361180929158,25899.179030916122,27866.30000914967,27646.797040977064,27389.074474609897,23348.841326078058,26051.50470928575,29008.268434414484,24660.054286925493,22009.699827789416,27803.961100333057,24351.244598859677,25375.518925389788,22759.592929717604,26440.69478812793,25135.49070173748,25579.825872273792,25403.525213995013,28439.50927774527,24817.203466624087,26997.48469910622,24655.163236220866,26793.587164081568,26954.367109733714,23709.751407737785,26576.5966012025,26030.351682470737,27355.54868245313,25921.954142773033,27039.97081337657,24310.86922027108,26635.151493649137,25685.920614839633,25335.792453569953,26444.23371764923,24168.816502885,25786.13662295852,27420.834917078177,25576.143329299666,25540.881011021564,31757.60187650595,23671.590412788522,24650.943698606377,25662.603951335135,24592.04697673569,25588.787360466922,25071.33575323382,26781.17661206412,28117.44042685065,25217.12932096179,26568.17740546386,26807.06794981877,25225.570501316917,26058.508191049106,26029.27913571074,25951.321026196965,27038.583411908916,27052.537388733846,23533.95196963305,23876.217419841956,26420.691942586807,26400.086546978808,28919.598029472923,24786.80393080183,26272.509369290474,24543.82296449244,24224.19066810825,26183.41608695548,24089.475258336402,26544.460069203466,28341.01556439387,24668.52574805185,30827.404905642576,24583.174392571924,28819.103285206795,25276.615349105254,28376.87547636319,26122.066423807413,28125.38479785472,23780.305240662652,25227.931842578055,24298.743737282974,25766.676438620343,24825.641797123237,24689.92158139207,26747.961150070925,24798.055049132723,27280.291058847182,25402.831522844244,24934.193234427825,25015.7367027114,28440.992336662766,25794.773828475903,26409.4831891636,28673.101957971252,27736.248273831054,25369.832440975955,24968.89799376137,24030.23509664175,29269.941021444523,28124.523591328085,26540.726289658673,25062.749534103707,25598.02503575268,25325.004269951893,25748.744800001732,24945.262835830497,26424.504424148752,27278.123084297426,27242.479227111242,25560.835565153542,26758.47429060068,25744.322976254738,27235.668706777844,24235.550541735094,21970.93667985578,24006.126460644948,25173.328943964476,26652.965619357663,24851.102679803655,24063.800354759773,25817.819349126483,26744.12941379309,26215.537387328626,24723.834423754564,26571.242202797832,27627.8164898608,26456.000715238177,26997.717778328417,24649.199306255767,23900.577058727835,24999.77058259793,24217.517140834916,25446.386231725508,26410.916619780717,24695.44945896912,23443.936156718162,25253.602792930884,25404.029533091893,26081.338014578316,29247.63616068242,29124.651854498192,25098.127122515878,33409.60071833378,25649.23091230082,28439.72862098868,26079.13715751419,23425.12492068473,27672.875989325115,25365.20541872458,28654.214820571844,24756.378404209165,26061.813794727223,31412.07884153539,25535.872089923214,21337.551331937346,23903.795334598035,27806.035679758977,25913.78831169691,26515.484060523395,25099.675472522416,24503.29186237362,22598.17026500331,27878.883781648157,25416.931003551486,25745.43961534401,25129.54077770944,23783.72199942489,24073.690050411056,29061.01024171164,25982.867724314885,25122.23467214173,25141.541526259858,25124.067087056297,27470.54472671118,25684.528182213693,25708.155755206786,29122.030354440114,26839.458830734995,25453.02679143313,20804.995883435582,24109.56930700519,25298.87260407019,23474.35595533619,28329.771936466404,25098.645018892505,25621.28820755396,27707.274093139487,26463.555833309358,26909.862896119237,25644.884934754653,23387.116770133536,25963.564236964157,24741.08092934231,24909.327171635305,27960.161749056384,26026.440465338503,24301.928776972454,27477.303507645993,24872.361828783894,26173.466371520946,26934.94605933891,27980.92298982593,24823.094373709147,26201.088509494934,24186.218868421387,24918.07238996179,28297.335364373364,28498.51049255304,22541.43399591747,26790.849080874035,24003.918058904703,25667.630561455135,23198.291166304032,26548.0915302871,27265.934882091202,25947.058794221877,24920.172621545495,28106.34576681134,24319.78383790127,27494.79249067516,25040.857362593706,25480.499143357672,23499.85035003147,24556.000057041245,24347.523859294786,24726.542452526868,24641.0490717167,26092.859657555324,24016.588146574057,24375.389871032196,28515.15651690212,28898.23139041323,27077.155114769044,25542.188253316814,26548.57675029106,26237.011394347835,25644.76460762407,24268.550801371668,25292.466718884978,27814.753210462528,26457.257013865303,26572.658609481212,26615.820997364255,24965.99607687854,24058.02461896124,25745.49533132956,27561.89570084427,24636.85766610527,24096.541367624948,29353.30441185127,27755.27105285659,22913.63633621249,25485.122029975042,26419.344108718,24249.546948821477,27580.28191176954,28083.602012070143,28705.544044387327,25362.56463807089,26101.47479881318,28051.45213704407,29341.30971403907,26197.10688409229,26547.826903718727,28043.220944053515,26232.643398258217,23393.64027258205,24792.72326816331,24698.566828243653,27092.326503005075,24326.480929853,23801.060761549455,26642.076587850017,23914.762450599163,27228.967781329688,24804.827339554,24192.957439645827,28339.580967697748,27628.133662109467,24950.216477435602,26934.834788576052,25411.75157836747,26906.88510547948,27235.399821024374,26027.765628698362,23633.971663937282,25848.128082130275,25161.94239808242,22408.393461056105,27009.975386670263,23398.171781629964,27379.53236016399,25768.49972550034,27205.203029138618,22611.626061753643,26354.27235146578,27171.3276566602,29350.988400923252,27019.482665449366,25968.596178267428,24770.708758519057,25220.95769656395,26848.408011623687,26230.182466612223,22288.56772018276,25678.888683970014,22901.000771121082,24139.760248069946,23253.557873872203,24201.114069115734,25138.051066317195,25615.08338889148,25439.69070312905,26320.90973932555,28162.05329825196,22330.64074065283,24332.310478336276,24846.979712302524,24298.975703701864,24480.93202000799,25470.507026130177,28296.94991872999,25554.9795186,26087.66264014729,27754.11087407869,24778.810883019956,24810.68660469952,27457.03354964328,24887.267955380994,27138.4349219367,24587.181025849713,26760.966505750304,26106.592743475332,22728.627826181815,25277.506075518904,26716.8947339511,27267.51148110185,26667.396208718208,26795.289175964765,26431.892334571952,25756.23690626174,23992.49845760249,27679.972022693193,26302.802508356664,28197.191233855898,25181.053575148013,25380.07556213158,27368.316980199383,25260.905778525273,24535.74291476239,29446.448708315274,23583.0873648584,27568.716026385417,26400.691344904062,28348.182721589314,23010.97313952344,24793.190012306233,26846.16296117328,24901.17040733776,25571.76571153724,27068.569099507855,26535.263401897606,27539.681584978334,27113.057989359666,26671.046299084053,26008.277529665596,27045.45484924712,27818.871213527378,24658.6864435057,24455.060416109343,26996.08863400882,22649.589814889965,25460.265035612843,27826.8487960909,22850.754564021045,26763.71951340212,24425.224936606723,23457.24219279008,25269.792115836324,26096.967888089355,25426.25960943464,23977.01158588295,23792.21464590075,24643.08364062471,25277.1086490643,25751.550326401106,24363.195348796067,25040.70631034788,23465.07735465767,24679.40696330975,26009.578019560937,25978.347982884385,26355.820028509006,26596.278367936604,23236.968690340113,25195.786007192928,24044.706546191974,26540.40410000048,27021.29422205954,23665.73095331536,24636.97280072373,29976.84995851177,25694.21673859867,22968.034554151403,23474.274983053685,30242.871638329856,26676.344091741703,24388.27836176144,22537.468968497375,26545.43809413274,26160.419894799335,26749.110179760795,22311.10839477232,25286.433793322733,22119.05939423367,26765.33228832248,25845.85123705774,28561.637786967873,28017.18755037415,23525.09307435234,27077.52493067457,25008.857318026567,24277.551463003936,26119.468250578546,24846.339658649063,26214.636569998398,25253.108181602172,27646.171178414897,27080.614393836906,24780.403787841435,26177.821943853054,25367.703130235514,23597.77005410347,26247.974679705414,23951.985823983192,24834.674818670643,26082.4818791689,24412.774748161733,27419.091124498034,26526.679846048242,23979.276675239613,24484.441592523697,26633.916515641216,25694.744221699708,23644.724898003435,26671.036544607065,26356.129656981582,25782.39490178838,24432.00274801052,25926.632780737174,24772.3003915335,24782.864628763233,26594.62564270068,27673.83861317618,27450.39566256958,25424.85237394936,26963.450730849378,26134.276065663133,25358.214293440233,28455.92515130364,25056.966493987613,27343.512000445295,26315.299288847076,22278.49899418286,22813.60986786505,25482.896920582458,26436.252248283567,22312.17769216701,26357.171155552976,27013.360783423872,25743.964316051675,26085.84040874242,20939.846006266234,25822.15097519817,23622.4177902395,25027.30653797813,25371.13147403623,22042.23938517773,25434.063402609532,25734.513232263693,25936.609873787125,24570.279002297495,24478.222988177335,23491.23841692542,23910.37612786753,30048.53326579212,26749.073675016214,26967.7941700237,27422.70575543034,21603.390972683672,23403.24905318142,25161.748592299977,24821.64822351864,23011.086053779447,27102.04093555418,29706.691209162098,25262.36550885739,23437.257519184815,26044.120306047873,26025.21123432235,26135.215961847174,23540.234997630825,24050.028223594316,24429.71916966791,26392.70661663151,22929.124164807898,25606.62780403537,25638.0622471911,25885.81343675027,25028.674734551227,28137.03597869995,23126.003425099498,24280.937421614522,30767.901105315443,24255.991520030377,24955.099830790932,24826.13520670797,27096.951945258454,24035.19228584881,24829.546269327253,28759.17404472535,26092.21812006801,26201.92269480024,28725.098807280297,24257.218213932967,31136.780328364763,24862.91652265707,24429.782448824717,24856.996787624597,24121.44434999488,27338.98558071885,24795.340926709538,26436.20393137022,24672.257089535615,24676.483619659826,24690.149306250674,27588.076770005406,24227.335079553563,23945.177719486674,28132.81962032773,25112.715861191515,25452.289677849956,24933.164063344087,24516.25374110395,25247.28761259891,25277.673405399306,24218.850364544527,24636.515529409153,25986.806416210504,25537.593212628828,24825.80286195462,25729.59483420103,28567.037538367862,25692.483566872106,23959.854788495508,24117.492089937346,26487.726740907492,27137.193215796964,25112.984709424756,24705.213382340535,25806.993770388548,24590.139328563564,26666.202548790767,25602.513442962023,24247.23958611916,22766.339361152255,24090.90085532087,26450.299166686425,21836.924214551313,24971.514729563398,24078.539189204846,28899.565354962757,29730.783234225022,25232.888151797608,26960.383505278613,21812.59377307103,24028.81101950427,23538.076597447587,25651.632203727233,26492.228653333525,27809.180662514933,24075.741032533162,25768.93699695761,23646.446381567108,28084.069311613002,27608.34647746279,23814.70174861739,23759.226524733574,25665.381793828074,25105.02079695065,22507.015627762787,26242.068194847023,25953.537266753054,25838.593442873902,25003.596659745,24647.033283689972,27060.486670258968,25403.253293690374,24545.36697645772,23417.641804243074,25793.620863272437,26625.945522671373,21898.69104175553,24192.91319188679,24237.930250444108,23890.011429981234,26511.789436261395,28040.67311871201,25280.71864048307,26326.783312421954,23346.552331066043,24304.4016686567,25706.266126340815,23637.806878766278,23890.797604642976,25409.196268734766,25491.755100788807,22834.2210498541,25072.622029878992,20962.165709225726,25040.047546107646,24241.063360195072,22035.006876097148,24139.659860131258,26813.98942214969,25427.84339638473,26417.22881560848,24007.84799601362,23684.187130101905,25064.120596542576,24396.198356662626,27134.70441071525,24848.065017454734,25443.795100859952,24978.198550264184,24287.569406298517,24816.27365798671,24213.230865375437,24285.57918829494,24477.93374026484,27404.417258941317,26335.107782137857,23873.660426690563,25180.850124618722,23796.966256033265,29541.229564883626,23807.74300548232,24084.88220957413,26224.94945918514,25560.00441261574,25027.28433389809,28181.211922390634,24515.17105357298,25657.162781591443,26525.498936736414,25883.55896099272,24333.35279152522,23011.030004599044,24494.953142214632,28941.909784774834,24290.31762332666,25682.317533110294,25917.905737507175,26515.335009092578,26888.42234748696,27724.74861666363,25795.92265963148,26136.101345000458,23482.228428876188,26414.899959198552,24994.215143201207,23950.610146274917,25349.54917708135,26270.72527096858,26337.719968122834,26890.72037729107,27501.538204854067,24914.469343624372,24254.95752610267,23747.853794099832,26610.268531758866,25839.225770046516,23221.010024139774,21815.098048994798,29330.99673932361,23465.19381877941,23799.746746383327,23556.0335822299,26257.133393250548,25745.133436419594,27391.495124007957,22580.47781526588,24767.45351705913,23054.10885543679,28059.97591354402,23845.466130983226,25558.68854490846,24849.8253264465,25837.83839785278,26544.35946424937,26180.874635779015,25741.002800982686,24649.755393186664,23017.30778155809,21648.691351598554,22641.58587899144,23038.4967157008,25044.219755680555,23686.546476107298,23907.771234878554,25061.354009133454,23341.528924960974,21905.989573421786,26673.07693507178,27570.27158080756,26174.030667995878,21304.16965435782,24704.29027114603,24160.359371565013,24597.604441001597,23750.189740713173,26806.326028414165,25281.23320672786,23583.180690127992,25455.544890099627,26221.219888432708,26978.375256010582,24814.795345216495,25358.77583434133,24551.595411903476,25664.572780594448,25308.218077678153,23805.234113670507,24919.327198236173,25294.780816380906,25810.18100345771,26751.008352314835,25140.506891192563,26244.57628013059,25624.47244203836,27627.422458322795,27179.9768820663,26506.276607374944,25439.77091186214,30122.40593877707,25544.212481365783,26324.719184186866,23440.370396130053,24074.137418019378,25323.628277922016,25408.440933564416,23483.07310984575,23179.1223302494,26044.426873323187,23690.35733786862,24265.80519121172,24473.25972253491,28729.049692518453,23795.4510281788,25402.123431565262,23656.71291974959,24040.902758637745,26321.289248739307,26028.55581107118,24120.60753996646,23189.506337252074,24915.686547856334,23311.31193952755,25606.199426307998,27435.566669051463,23044.626098710214,26620.060398667207,24019.931057851503,24792.02810933598,25661.130161998663,26198.555959657104,24297.310103275697,32157.0030158001,24954.108821457892,25167.874605723257,25757.126237196928,23104.526955071007,26698.049016338828,24642.03821640058,24724.451323814472,24265.900591479243,23617.066044775525,22212.138784698458,22491.00611698104,24655.727043533283,26152.129459725027,26352.84641171869,27359.199876447085,24905.02923130537,21931.846549153495,25789.73473641317,24918.17673609312,24114.45464556686,27061.653775431434,29473.699142071386,23484.975257634575,23352.252148839354,27286.86453129106,26068.53929019615,27569.899481700097,23713.271581951492,22814.100310155973,24557.341226848548,22811.54347650083,24068.036490911076,25810.904054283765,25829.547109458897,26682.475489979297,23292.099618279783,27025.40706211755,26544.810887622323,25135.829714927204,27441.455789445103,26653.29482077909,24558.12471622295,22026.706310876194,26763.168860357106,25713.479164839493,24364.56985977589,23913.181043252887,22655.415828637495,28866.95273362623,25823.350193437862,23726.142822911886,22988.145999462373,26685.019531249793,24061.228623327443,28928.39332732643,24723.708715766385,25853.761199819484,26085.29940393063,25072.7829189777,25448.313525005906,25383.448752834523,24824.898391758124,24230.656803610917,28860.11490786729,27851.25032465705,28353.489062828252,24593.55834538256,24203.71919010907,22692.446371811937,23102.072498034082,22483.843151462446,23607.221166979463,25919.364952607957,23068.657359832403,26502.189814367728,26266.62916663609,28327.244411454554,22808.547252836965,25709.448089079364,24906.15014579938,26422.238502550485,25962.57295143961,24793.242765782747,25517.394575712475,21803.106990062184,25156.504502878608,22944.320128929146,25781.556965404485,25704.232974573464,25106.719128847788,25660.08927649991,25006.397998531953,24017.74937984689,23368.234162500197,25554.122034509594,25609.35757509237,25823.05536949577,23187.741597794626,25661.1622767052,22981.87869643113,24922.120484944993,23747.90719187472,26436.678273784342,23837.185091119307,23810.130456507344,23343.857052692027,24055.22706593528,25141.80898211573,26363.42151129283,24391.2613382397,26624.516219084817,27511.624643721472,23256.872667987547,24298.787395668383,23459.944588027334,26618.06578050965,25350.077919528936,24978.00594360828,30398.685059561867,27474.71481026872,27608.121313509524,25017.325304778256,26626.99579301312,26252.02778573145,26254.847434731746,23382.14852689323,28171.66148992548,25526.097247245758,24460.485365969955,21480.28433131657,23708.83131800648,24761.56899632163,23629.004144807503,25334.53579071272,24614.361594910926,25899.13331676371,25133.892213815263,25887.16699996135,22981.05235441099,25236.370743780408,27068.822377640732,23169.420298429934,25483.242137425907,23010.43257198201,23582.157291901964,24865.56698492166,24227.80263378146,24443.009833770036,26809.26081752115,25027.8198343074,22636.571348564114,26253.914361294588,24427.089461710006,25807.565180727965,25256.637056083706,26333.158513887083,23843.484218253907,23691.360882251065,23456.936687119443,23768.78347014181,25115.602950345874,25176.492445939257,22935.092899402338,23444.54704841523,22398.883677320475,24384.810822088963,22739.791042589964,24083.648934651006,25877.75467008279,24285.415250416678,23402.91887766226,25380.411331613584,25499.94984506105,24340.547435889028,22933.717810471644,25484.55539370308,24826.28854334685,23396.092975702057,23826.962272219684,23042.084468141322,28137.440630992365,29040.708129469458,24630.308410221605,24540.480153010718,23075.19678122531,25788.29274045609,26171.821104119586,25434.829308851007,22581.22530662098,25710.94145305868,21539.218593617243,25659.89918464577,25527.876009864165,25228.44345874465,22681.283357484623,24968.906673772104,25466.19331752899,23656.72445309129,26098.58957906337,25133.70360108194,27721.461849188403,25690.070520147754,24628.146368811813,25970.610749456402,24100.37808208763,24830.971797481547,28747.66459981602,24617.57528172288,21709.859637707024,26374.025259402853,26296.468693762214,22518.58493597005,30149.06476722814,27245.126827366214,25013.844398821733,29443.152083179895,26014.995948124088,24606.4545646371,24451.537714381833,24453.71703056911,21305.149827338162,24969.423480083267,25633.81352423688,23670.73935928116,27618.168241132742,25045.626035865364,23330.458345370647,26025.615683310043,24871.688669102165,23547.01434730288,25084.291296017946,21767.513905523272,22922.74838268912,25030.210598977603,23841.847348081254,24936.287560331504,22773.04316947927,23290.630954569082,24491.46949457166,24467.438891965336,26126.039638779468,23970.881529619866,28300.298466917255,22118.001880894313,24289.101362085337,25231.226336495514,23705.980174996745,26442.107900700616,23520.31189089409,26423.900828642883,24665.924029120484,26205.044224309466,23324.299490865647,27621.01580366569,24015.027070331256,26046.619942545512,27979.488092603166,25320.592464035362,27858.12269134266,24509.607625611858,22747.548901008333,25610.500794142285,23880.478333517593,26167.158852920664,27230.559414288782,21547.621645300842,24171.72831184468,23823.419389409668,20060.32123917301,23538.57645080482,24106.99621806643,22138.050150955474,27010.586507253545,25008.86260944837,22659.22725210886,23041.774298855864,27853.355724608235,24864.2698238569,24318.387741473976,21315.01948219279,24982.435840332022,22722.809506324502,25416.725062788464,24958.597134356965,26368.78562362461,24535.139267773662,26836.6567976737,24531.05549380377,23734.85878518839,22780.498482444582,26277.95532447572,23072.694624323045,26495.59174778713,27127.00288971391,25172.482049117156,25843.280769311838,20931.401930386426,25112.511582867613,22952.500093953247,25033.4585561872,21714.79001713365,26483.022869245713,25337.906467381454,23942.55717558959,26527.49459492243,25756.536283292586,23499.38365040337,29322.914385144766,23443.559437926713,24664.100446456792,24721.360381817824,22548.72648966156,26135.89640836144,22480.30804639131,23259.15689611338,25353.874613246455,24141.82191888604,25988.818472757874,23101.45126704612,24519.36792978373,21602.70269955823,24308.32710882837,23577.708936953175,22524.889012012238,27414.57368088789,24521.75142549009,26848.24206151846,23309.368501194116,25903.175162621228,23061.254810204115,25628.017601493542,24899.28477826367,24204.97484648135,27336.2582101401,24548.030758254976,23252.634141127975,26389.80655526408,23982.747438002458,20844.43554749668,26131.164757608432,23494.868502763464,25026.807849482047,23756.95912610719,26815.986751008266,24000.80674062702,22978.761945325816,23121.421831600863,23833.95410235304,28042.316749707432,24685.491093582932,26084.66825775997,23057.964183423235,26934.655075705352,26305.991119676477,24683.60084713198,25582.689197890737,21817.67450839814,27069.579967991252,22105.651892444683,24326.136690617,23090.357433677356,23605.48846704596,24731.53055073708,20352.187545236993,29061.030698812345,26109.924232679336,27761.248292803582,23676.478356588716,24285.10323537685,24556.53164531259,27457.215818423123,25022.31841028702,24575.6486215299,22996.017691279856,24422.443183418105,23070.47434246644,23849.169691297975,29315.077392921576,26091.21269348926,25340.877971497794,23680.90408426197,23736.490463482267,26383.735435751656,26410.143812434053,28038.33828891237,26503.003622642304,26354.1040241546,20601.9471446331,24326.719504469867,24158.859009006694,25651.499489009304,26414.870302690982,27290.402591614667,22957.387925242318,25120.813667575156,24230.1744020197,25091.516863488574,21941.93709324637,23610.85696660322,27052.63101344672,27131.68250631019,24948.90042216237,25052.341421882964,23731.257212769928,23044.786771288054,22953.06496087116,25506.458174076954,28007.073942662242,32875.679994005,24817.446642069204,23181.44371000173,26641.788544075436,26004.92529597091,22579.860997139804,22734.699039177438,24653.309278747634,27659.76901973378,28689.905294519976,28968.32584833488,27078.948428556003,30261.633079812327,24963.206183508482,23359.65418027915,26271.55879499749,24191.273206848302,22460.57790013519,26356.56156777749,26719.160752207874,22069.091847950862,25176.618658324333,24191.612104413864,26572.550878054924,20545.30131081665,24410.237573686514,22824.03362100618,25669.09341550053,22049.997649716253,26888.66753441919,20744.32096296864,24948.401580242833,26762.73699309331,25006.432428802207,25933.955423663134,25946.24377916228,26633.784053049643,23964.963876456804,23037.22242306725,23308.69679301765,23717.993011500967,27946.220307475734,26939.62317724801,23293.904485158528,26769.628622973843,21514.825484399316,22420.160864496367,27010.52808929949,24860.59914539101,26628.478558536437,23592.1997260321,24775.493013846553,24364.14491474919,25267.22931131076,25468.6066833087,23916.07128578958,24477.06159820535,25770.048925121653,26474.2599380451,23479.812710722632,28618.327419809233,28142.47031617888,25089.9308731679,24617.05206546955,25043.95233206544,24789.166537041085,23593.797825318674,24809.091063417938,23710.38786095009,24216.525656612834,24455.054360922633,23926.280457800178,26263.22320429399,20315.121097396048,26494.47297807305,26991.25122269334,24579.59287105419,23975.59200504558,22677.423497304597,24660.547874471456,25354.09793944936,25114.115819346684,27129.974426822697,21987.96075396506,25664.072969164965,24258.622214784133,22261.762548022627,25090.145299045587,24148.690297474466,22710.902029169043,22911.70111850453,23424.63130038377,24131.72026793369,24469.674532316647,25189.13678377508,25172.642263582286,26480.64625243235,24720.02145731607,22495.242899340403,23661.0743650869,23023.068708229144,29499.993901614394,22893.21662176877,24928.032725673776,24180.072867586754,22162.1906507542,26775.64010089679,25564.483109597066,25896.102359193417,27416.42844380994,27179.846622479185,26315.85739675325,25090.30097616854,25951.595316162016,26380.1405640157,24348.376933177206,24503.581218979372,23757.979106280458,28795.1486908662,27132.271173554924,29031.424660057513,23045.49279827294,22867.467950281993,23550.085267639974,25497.617310932023,25118.88346741534,27326.764656172123,25924.454822488664,23798.768681873145,25660.664557857217,23326.16110274997,24151.002265927942,27090.27411590501,24146.902755539286,26369.2634446365,26579.82462562235,23184.41764618088,21403.568669251665,24605.587932933697,24708.537212157047,24232.87978231518,24601.27854599769,25629.967299152006,24576.80631517982,23194.112924844194,22144.27416468305,24640.484078303114,23842.84902528342,23740.244638038515,25999.59822018693,22287.071000173033,23605.30932671037,24360.25253187291,23872.070893666514,24451.35064238143,25839.748450035528,25368.710323676576,24905.663413755803,24701.92500615612,26426.893319123825,23029.356043376945,24256.05392570403,24209.408661890044,25778.14681281963,22722.21866109088,26872.88687946087,23167.405830739954,23241.2652943022,28351.481091961123,24648.39976738502,23928.582258999886,23557.346719205587,22857.366370649263,26188.962876221878,24971.947188232152,26999.39610872565,25601.011389311498,22178.51983286051,25129.216876194834,27199.36514532201,26274.55124259397,21341.20072593636,23494.155331852424,23969.463225320804,27298.690520802127,23468.730384867944,26607.015486928267,25398.512797717754,25081.813331879905,24130.374040626175,23724.48192653954,22343.169786892424,21431.501228564677,23803.46227699463,25400.606883994154,26523.732443802102,25490.053972860613,22785.893730659453,24358.471738129098,27687.58297551293,30662.00573730349,23095.023614928672,25068.129433900045,26989.226535870777,22375.07639264571,22658.737553976796,25173.42158823508,23748.344619040643,23400.349891588947,22676.316475444877,22674.95442803402,25587.6516013515,28962.24421701513,26134.779461607977,24374.823863506295,24581.859989829445,22068.771091102608,25143.60155498335,24616.897438858774,26284.873755627894,19982.242782021327,22991.144476967067,23771.221053279063,23532.81286518172,22765.67483512438,25481.983174909245,24962.46595289214,21559.760612965143,24661.3608481739,26076.332625488525,26938.108113601236,25377.94732812774,24160.812484803486,25913.62352085951,22354.266744277895,22790.22845899167,23667.696781335773,20812.697651333485,25025.934991846483,24340.557233648484,27702.39392303356,26000.645686666132,23478.14789499436,25325.46815145527,23707.852634896957,26093.899511918567,25556.278692664942,22344.25409279399,26060.07178531961,22577.628469958603,25511.71703244679,22033.390281818603,25923.273243736206,25233.06073002795,26930.31632040566,24134.38058714323,25516.29363077628,26072.3754060752,25174.497449152223,26076.570047840996
critic_expected_return_losses,86993.10105694974,87405.73327775442,87213.81277920245,86346.07398897299,85921.061680803,79694.83926524309,94780.39193225978,88821.71596135663,89246.30793763495,81328.34189667224,85088.62631378138,86902.78769512915,82210.35444922744,101327.87596801738,102066.73098404091,101289.5794360583,97880.12776480961,96807.83768524844,97898.08833848388,95603.33754952009,96498.66830233611,93105.5293466489,102457.30797682305,95993.21803546217,102885.95820948099,97343.77943153521,109040.01920057373,109038.55270244314,89165.21693460028,91265.60541870122,80559.66764025435,89893.94064246796,92218.11178546131,88893.23699430161,79389.60774039956,75600.30383731845,88948.88096113718,78713.3944103724,74739.40719409299,93480.70176311374,78208.99297109069,75768.29246106197,85138.93314520235,88540.63701525347,61813.85725598925,77164.44448544645,74741.81706759466,67621.16955871845,68778.77155678661,72084.53894118786,72362.560974286,68022.04226786335,57801.27630454443,76882.23811117622,70249.80121119977,79534.25338872871,52194.30757293249,49532.994540249005,50203.333742596005,61791.825655551234,56265.86013627576,60257.219017212716,64164.6200982171,66451.1023980092,66461.48400309499,53933.027665583024,57954.03300589396,66930.91129459273,56540.59844408292,56452.40013489302,62355.97221371081,66635.52685281765,56630.81507234337,45094.17715005593,46282.10460825966,62569.063764714236,62632.660055261826,44580.2196312845,46733.15440231892,59019.73396676548,47826.72242074478,63200.02652036958,57729.35299801076,57380.219340083066,54817.51005772607,55993.52904244577,57662.738737950844,54800.43082369617,49749.84122584233,58854.498706729624,51924.17033757212,47596.37855002351,48144.75773451875,51327.89695586203,44056.57976668056,54641.97293426513,58262.11112993181,50866.04107798967,64889.68995268885,46718.80540187752,43031.240328195956,42278.042637243554,42318.84192208913,41191.42707613126,42949.3272027997,42696.19008659442,35150.37177683079,47403.68263797682,43572.85869443193,48815.29859726017,49196.57716118271,46814.75991822401,41182.040497986905,43977.37271224258,46871.068043980005,46176.714774321525,41744.418113637796,43777.4253120858,45567.137223528385,39971.468954101045,27863.270563766684,43820.44403344888,27491.314839212366,30159.63194527275,29989.71901242925,29222.955508590312,26835.969249395683,27684.39387778483,30007.163765146935,21070.71464442549,19870.710877624577,25407.22895788113,23251.30494723662,17514.872056407126,23303.369483168626,17747.538173148318,17760.853111688502,19752.596027379364,17722.07294537298,15749.796123653925,15027.055783740783,12550.845755300716,17496.890609439124,16465.615207665018,9822.574039886844,9841.89234416407,8353.45130342045,13211.698488879227,15809.111117819743,15073.87721750437,13932.87964481961,8104.457814699834,7926.129172442612,7683.707379855473,7286.579630473822,11223.198256905845,17405.37458709091,8284.85094201382,8287.649969214863,5886.595358622548,9547.594700644624,10949.295523129718,5027.293886238836,4034.956379084532,4081.3811505463814,2777.5615089023945,3517.8943576049724,3506.151929313276,3723.5202888099507,1978.132250392361,1990.6583374996178,3310.9187336368227,2719.9649771962763,3270.6339599952016,1730.355777572755,3012.6833564288672,2999.8207571217436,3394.1309860008537,3445.1450933696733,4816.746537389309,1471.6403677509968,2319.5824872357302,1727.3214804018114,1113.4678138583204,2782.3351492271822,978.3535194098267,2602.240271594366,519.4306097874036,740.0613158442603,1026.1238191885484,524.7785950507987,32.93643954120193,146.408260969992,90.15031937994728,87.69124604398725,12.687613841956626,144.00874677999258,18.045628356952513,61.66169508917961,181.92268892422018,304.2555557099884,306.4185083269084,310.0095529766376,314.1870194342882,315.2404165905438,181.07326795439238,321.6992512467079,323.30863643564516,299.01311009890367,329.21286782901876,329.64920953613637,333.1138572167983,219.43055961934877,224.11953788248155,340.6879945237277,225.6570592538474,346.83940099001825,60.227328937618985,357.90347292643224,360.3184189338113,364.1757500045834,125.54758717490247,369.2870385987824,374.04841170702,376.33575809543515,377.90273246971276,382.92535136418013,218.95126250380375,389.9208931152717,395.76406542376003,396.5335844657073,357.39996935301707,406.89596056337365,354.0403991644536,413.41493541544264,416.60902894037866,419.0238448372158,422.7812519118568,209.4856232799629,165.17354419047325,433.7588384053037,441.0265436275642,79.76201427539326,447.8539478820045,451.2080596841684,408.807809720522,406.73053207093096,417.4245625600149,473.5537069701916,475.01896692127224,320.5930095078765,327.46991009935317,491.88765856871635,498.9140685754228,418.72173385207617,243.1920185317783,371.94341642383887,427.37590220928104,498.8251398784845,530.9609759145692,468.45031395455226,294.2459249765448,553.6398014037649,492.48509325669784,565.0210396033185,571.8428973175065,577.4215860455703,583.4715943333565,588.9721393375636,598.1655225749444,603.6708040123613,608.615909115718,618.7556254894686,623.1254825916578,504.7743910649619,636.700689339434,640.0421824195164,317.076766893002,658.4194824428835,660.9629519913303,668.9394779388898,560.8352999998953,505.04485323656394,688.3713209796932,694.7799695703349,701.1816254530303,504.7533688892034,717.0805264781573,675.5990893777097,730.9670519286373,736.7055344417734,742.0106556730967,745.997362305605,754.2286950345149,760.1371599051497,769.1310319432475,770.3024164278349,693.4713765140525,634.198396916217,794.5501201553463,797.7084725190539,810.7631738384736,290.8628273152947,791.8427809633549,830.6108021086117,751.2491252966532,759.7700014394028,289.9844116560716,558.1553085924096,864.9274333593958,872.0004433132053,872.0272341056925,886.9053556036989,893.3456222212149,901.5083532113824,908.4014600078092,913.8323412560085,827.8084919148728,822.900167253648,925.2698203308566,946.456752735723,954.576370297784,959.1336879525712,969.652692950809,975.9851654249293,887.8298828481765,966.3797722976374,848.2986404278245,1007.8857360550397,759.0591830071395,816.410398789754,807.5514798144886,1037.8572849433633,542.2514688827926,1051.7598421381244,952.0557741312681,1065.1016377837502,1073.485616255378,1080.2263863084074,1088.6404711207063,1097.914807075975,962.3823286773337,1110.9393293049013,1025.2309547163654,1030.2619954931897,1134.8003562811853,1145.2945439634082,798.3645233511548,934.5038135060313,1170.0787290340425,1101.657258249544,1184.7296018492389,1193.9345788905987,1201.4276540630165,1211.2592199720232,1216.6804651822567,992.8036595846798,1207.3593030744235,1243.2464852127416,1118.967032239947,1261.2474335496868,1260.809656153906,1196.3590799251983,1284.7100373045562,1291.6193277945083,1295.3481145590024,1309.1662833693165,1120.3693870799275,1324.7197540242835,1326.9870242935237,1340.8132537540662,1317.6958552362373,1356.7750429989917,1272.1094667466161,1285.160035887796,1381.5388431160989,1374.1358410940716,1402.5971468808393,1410.075821635988,1416.921553336879,1398.1256299020245,1435.1156944645943,1159.64804535667,1449.6908719649853,1454.3420640832076,1466.989038661058,1276.1503589709725,1482.4995825180408,1492.7765010400904,1499.001447154192,1507.5035466711304,1513.8212168440398,1210.9683781492756,1530.4639395099869,1539.7221120226975,1552.9770571668491,626.1022528677487,1568.3024783977835,1504.7743429499656,1582.7301200312452,1385.800064324935,1601.9726436562296,1610.6052857577201,1590.8552122095637,1626.020987307101,1639.881605772905,1647.2200015517203,1655.1699751020117,1662.0872108150677,1672.6437617318995,1679.4825347543647,1575.0233447254348,1252.9647220694421,1707.9088321420575,1700.5769898502524,1725.5572554052894,1607.4548615549554,1745.1172516445727,1753.9306547575236,1760.0027735835893,1773.0456176432024,1288.492316428252,1790.4216657865393,1799.3643055308069,1806.9516721653217,1814.725070587735,964.2528734605344,1830.89342133985,1840.2315914683861,1854.4747088183174,1857.1803081302396,1873.0128913309786,1737.7689552796592,1260.4629492263584,1336.3508121303225,1909.0620931993997,1180.7353643780978,1923.656544509396,1939.0222868079245,1947.2642606380184,1955.427681422149,1654.7401821436795,1973.6300451464695,1985.1600699509718,1995.9402418395646,2003.466839449383,2007.6287844789247,2016.7247200809654,2015.3228745891458,2032.7573783529508,1886.5707043493521,2048.66245615317,2058.673781716467,1658.7516123321095,2078.8114931182904,1682.7288837282672,1784.399885344315,2084.8092182216187,2113.3919753237706,2127.9197110802943,2134.723347087875,2141.0726224741734,2079.0635481664276,2163.359031021054,2172.8857182966785,1388.3315392625204,2192.137077367986,2201.479581973421,2211.736470242702,2220.972813375397,1822.6703981191506,1190.8384066773758,1448.317355141678,2257.9652675677503,1920.1798259596094,2259.0750828598793,2281.0639493708995,2288.273854701414,2300.6995480600613,2308.8435824106314,1783.9747531525175,1948.0335279186797,2334.639792611297,1684.0642211561285,2339.6795806646523,2357.5869467606976,2380.2596546460763,2385.82276306944,2317.974459570393,2408.8943953869343,2419.363351612803,2108.345679054181,2436.246817819882,2316.362146233774,2453.8733659840364,2472.968507162961,2482.5584601114006,2490.3172580922883,2500.595395857078,2511.6821131985866,2517.1362824728526,2533.0451358890614,2543.936561293517,2551.2683103003988,2428.578697575066,2572.015913558093,2578.81397318962,2341.3098706646647,2599.163350948206,2401.651108972198,2619.268662500996,2631.4261281526256,2640.7177001088007,2654.6438685913004,2502.49460495772,2673.3261952722446,2521.3063141627067,2301.0006389692303,2699.4776633991332,2711.046733743682,2717.53144650524,2726.44441392339,2740.843618873718,2748.5801293340837,2757.5087871660476,2764.2014071846465,2772.1696909518414,2756.711050702597,2300.2972368507285,2803.116017762502,2767.5998199439246,2767.665586350404,2826.3408701608114,2802.4450437310247,2299.6284303492857,2392.130872170382,2867.2430857708378,2880.133689452437,2889.2554118027797,2895.5803447525673,2902.752759688288,2916.045847525131,2911.687471281991,2936.911890212899,2895.6017618966002,2437.1512164346227,2969.091259326899,2798.5980956454137,2428.005962051619,2984.7799367223993,3007.253643968166,3013.4055941899555,2967.285775516381,1896.29334468431,3044.8965889090987,3044.1145322879943,3059.341915393716,3058.2800555352796,3081.263139428969,3090.6358565593246,3106.2606810656816,3111.4151167605382,3119.534039451268,3135.1485184491726,3095.8539610738967,3150.862671959689,3153.338447663462,3134.655883567604,3039.594213634385,3193.276923501359,3199.208576062444,2228.0205500273387,3223.078403999158,3228.1140704461086,3239.129471774739,3248.7936452679032,3258.0097498407094,3188.541085522938,3281.227442668677,3286.995790145583,3302.1413402344683,3313.9517511730455,3331.684407631553,3334.776267100728,3316.734341363338,3336.372389222576,3359.261956011219,3166.910076142378,3332.648025867201,3339.5776901187432,3286.2227568099015,2827.478404669216,3415.998758952076,3430.26775072298,3439.5360007468835,3378.9584516907194,3462.6387804226083,3325.055515328078,3486.17211333803,3497.032900206347,3508.2080935477907,3517.1458394058923,3530.6627127895727,3240.9087780845803,3259.3382091831177,2895.9684783793045,3565.214475306124,3117.7999233838973,3583.179734958506,3563.059735736241,3571.16101607748,3545.2088853159826,3615.9945804764347,3306.337432929397,3631.930133949897,3640.513444305141,3395.652297591074,3568.7340577139184,3468.001302544375,3659.0129535750616,3586.8024797239677,3705.066559074848,3574.693680066917,3663.9150365169053,3715.0438842499957,3724.0702242864263,3759.3017161639104,3625.8003997258456,2866.409062316915,3791.7556590755134,3427.080741671179,3809.2570489774675,3823.241948156152,3832.9529456786895,3801.915250307718,3855.3387033493677,3865.0085132794798,3706.6900673086307,3852.877849469218,3888.1073515347503,3899.155082395352,3906.0742526947693,3915.844591031499,3924.125250827366,3936.594723049957,3686.942913180303,3703.260264226937,3964.8411128000444,3948.3805057568075,3981.7109086476507,3960.5230661341743,3820.910822515948,3587.8131022735693,3496.9440172137324,3293.646131810681,4046.957780055405,3657.9009599888827,3778.636197624549,3851.146158997227,4082.499515549329,4096.898270956734,3410.310061792658,4118.71697456103,4132.829790755752,4122.958575962922,3916.5636684668734,4160.687142023463,4176.90443024317,4189.226856079173,3287.010838563311,4148.246556840097,3901.716296912817,3255.112281849591,4227.200478251386,4215.103047951083,3243.2570643010913,3971.4729410471887,4006.228863845385,4280.068163281828,4210.918192971551,4300.822673209484,4312.844767790901,4324.491945146352,4335.990284365744,4346.359465372881,4361.806881481894,4254.105300742795,4263.95397864099,3436.431224382442,3562.0771079835386,3373.0880433475736,3354.9353904144773,4171.550773878188,4308.7697388723755,4441.133584732443,3858.2891317965205,4467.101213034984,3937.981053843927,4488.060608231913,4491.559853864118,3382.4631446851895,3950.0831011538257,4497.499606711792,4526.855986761621,3919.438309592962,3771.102701635275,4547.77694567966,3919.9015994701413,4537.272507488291,4599.86091800711,4191.72326891974,4616.133258824803,4540.784027129581,4644.464557782681,4067.6689698220825,4653.783131187145,4072.7385913846742,4229.965822020798,4638.868766724734,4671.5755996376265,4701.8576333793835,4708.684808033668,4717.241324339805,4546.520394724848,4745.245038795276,4193.277471122628,4767.445646240201,4779.166742080241,4786.079327433238,4794.150367847611,3523.358644234853,4813.107562497361,3809.4432411648354,4645.1194141282285,4209.287220550519,4727.133367820495,4130.885711942193,4492.387563299168,4142.754924948815,4881.478121900657,4889.038242661539,4773.700569495368,4134.726862212486,4087.132437178585,4448.258243631604,4151.536631855543,4339.254768904247,4385.563178267775,4964.393482525339,4855.235523218543,4991.448638130024,4945.650790504561,5001.426552597003,4908.39174141111,4061.3158524227265,5033.64189485584,4936.926075005262,4632.679394743989,3751.78183504386,5070.866045600737,5055.552989078067,5050.44331089102,4731.45236614074,4914.733512109196,5126.318979948121,5133.644359494907,5139.871765697013,5146.993851247495,5159.92038621421,4726.015354086911,5184.625644532398,5196.20366616902,5206.0618958985815,5164.327709055631,5226.904152222487,5237.051283118294,5247.948593520174,5256.972814257578,5274.098107834558,5282.0563429510685,5299.3619354666025,5303.930806292487,3530.9443451907564,5314.743954134472,5341.302545507492,5345.757150738036,5154.645152690619,5369.351050799222,4767.172984651813,5393.799277453546,5410.8322199300455,5420.157550847018,5430.522036473233,5446.103349530991,5456.11642546811,5468.570826045284,5477.159038742553,5256.382880562147,5501.053820133449,5511.348811764786,5522.377311033481,5533.363101659427,4490.873303579834,5555.317463133205,5566.702797752934,5573.913044208375,5585.981895254746,5588.147167680016,4146.397910293202,5612.2748085418225,5199.698744250377,5630.781282984755,5651.445366981945,5596.769423608985,5666.0551129860905,5673.81760069467,5201.937340899888,5681.955438479341,4670.87243683237,5715.926509799922,5721.174760958332,5734.7650132179015,5033.360526916675,5754.925719905484,5347.141041903509,5779.541261591498,5789.451673126196,5797.441963439424,5788.357008544595,5814.940495324644,5822.794376894395,5840.061988211859,5845.241622691271,5857.65861626435,5862.52307007375,5823.728437646267,5884.804762041148,5891.755210874877,5758.0324381213295,5896.081765847479,5926.866775894381,5905.558080726047,5919.233615113295,5943.360830738388,5968.7542417218365,3593.7306397397488,5978.2264804352135,5992.617208079863,5465.587785636756,5242.9204800867665,5931.568117772272,5850.076015547962,6037.869052890501,6039.88327007726,5438.23645662903,6067.155476483413,6078.92921392825,6092.199416343107,5744.578168985022,6020.606109867143,6117.037180005548,5267.432820512437,6139.536796120126,6147.05278415013,6153.092531715123,6168.964067898186,6159.555003869765,6156.526692364479,6193.224632911874,6204.64181714915,6219.874827279939,6226.8850899826775,6207.983012534366,5741.846613146149,6020.6936634831545,6274.3249128542375,5924.055541569104,6293.603154609433,6310.634585589305,6295.879741391431,6141.54408463512,6346.720973550846,5825.745347037877,6337.318383615683,6203.694152559243,6376.828826032449,6391.554457949152,6243.913047404596,6410.870136820354,6419.713475747106,6434.084067423739,5846.437279297304,6462.61720957834,6462.4881337752,5820.436698099441,6491.634760496207,5536.072719988471,6507.363536699725,6517.116046237805,6518.873347883106,5287.1174663861175,6540.769436486374,6546.974801003257,6566.482522023382,6573.2500517574135,6578.6478985629,6472.197316256383,5064.774488215852,6621.865588575368,6632.155814821678,5830.328584216785,6662.021391353556,5110.503561405812,6379.613966519988,6698.814523115678,6706.141950596246,6709.891466289827,6721.479898879068,6737.3092293038935,6747.504231927515,6756.56124777903,6772.56426403313,6779.216292930637,6784.274997155931,6791.214523858489,6810.161091313857,6826.880869057508,6830.461435020937,6670.794644522622,6276.420928641001,6516.647916603657,6542.636661747744,6883.273167602602,6897.293811946,6843.380094164441,6908.543205929101,6625.205162427224,6927.509664893013,6403.229693372866,6947.388476362635,6957.816218869154,6943.880895134264,6973.755051635553,6200.453811532134,6987.255336892683,6063.978273676416,6960.298469050594,7000.403915088276,7009.673065770369,6968.7330653574745,7033.529691953545,6939.288014568513,7051.367512122149,7066.473160198538,7078.055349922612,7075.399406110654,6361.485059159599,7106.201059209652,3724.6200254708315,7089.591616574865,7137.225758426755,7151.663579012669,7163.307841514459,7178.142507109653,7191.066598011086,7200.59171625079,7208.5136394997,7217.2517423056315,7225.445952971707,6341.367077584341,6897.376769415119,6592.430831128885,6898.798979150923,7156.373693749655,7225.253854771477,6824.325044685166,7255.091405800116,6405.8887954818165,7309.95211686486,7310.709810622613,7329.097571137493,6538.277369901738,7328.306266631226,6502.485114243839,7372.449852399635,7386.920645512137,7348.915269870547,5588.482401922215,7416.787783146427,7427.454167702007,7438.968263850186,7447.773106350509,7457.578394203902,7475.266188088982,6357.100296705921,7489.05150995223,7500.645613395962,7511.118012091475,7526.157208567702,6152.126345943156,7531.005631361197,7490.42932029462,7513.525452544027,7467.925328548378,7518.011761085863,7570.0868618804325,7576.217536099377,7583.73277494685,7594.935596478842,7609.383614180627,6597.556083671587,7628.780550767929,7403.075528186901,7649.2074754907435,6684.93517804111,7197.626241983445,5770.255932060739,5981.283236063549,6469.555172006612,7676.9100563723905,6356.827467624655,7379.198607914305,7723.036495891455,7731.459886396229,7741.233278297999,7749.87595062256,7761.961215137269,7771.866016762365,6614.172465096921,7791.503727528511,7804.466308486717,7345.963745987568,7824.05027974344,7685.03858066632,7849.694667873527,7865.655017589965,7881.879373631582,7888.991445353303,7267.639773481956,7907.157048407422,7594.283183524955,7927.621567568743,7928.497433605128,7949.326945144278,7637.595675542955,7974.609198280914,7934.905622983333,7999.752018013792,7429.440692375351,8000.7215899857965,8027.072899786594,8042.722799273781,8042.742391166818,8048.623045915863,7986.034174023805,8079.5682665850745,7894.500555272506,8105.226825422199,8115.573846238922,8122.615992399709,8121.931944485519,8007.483192880198,7404.515955113892,7045.3880493218185,8170.9440306963525,8185.365881542129,8160.793381773687,7667.366940316129,8212.876904211229,8220.776560596143,8234.363797591514,8242.156795135214,8253.449179320392,8260.759883256798,8265.305438447576,8211.36289482325,8136.047705099028,8303.205555529861,8310.640845882986,8321.204944691119,8332.587953602391,8292.673353779694,8204.055300015178,8357.183024839793,8264.152531627506,8378.128643027412,8389.479142849976,8391.125620326855,8405.039324310712,7743.832143978072,8437.328991274688,8355.070509455198,8230.936156756992,8452.78865684852,6554.733704112846,8477.477412541437,8480.651673317823,7009.4341197735985,8492.638206568326,8496.405110439067,8499.515629431351,8004.712275653674,8509.681887470279,8518.02897302382,8528.584689614017,8220.6674564383,8545.04044771937,8087.564757674176,7956.443581769466,5314.194926985475,8381.705250334497,8591.812013024519,8049.662160995799,8611.110036017533,8629.016114950855,8640.681291689665,8655.201452471489,8607.811378089296,8549.019072663737,8553.104392806561,8688.296229399466,8693.264621644968,7877.891362969554,8701.25173267523,8714.69323294606,8549.331454857429,8737.64670867962,8737.40303219574,8748.984102816768,8759.435351252083,7526.784081786093,8778.431113110348,8705.169425151327,8794.024359128915,8800.709958763617,8784.300108809919,8822.425261652395,8541.5749977409,8841.159853650104,8845.37135542245,8369.2599767186,8499.26572641633,8863.050037747962,8875.957770843615,8891.515513379427,8897.29054380664,8246.064253111163,8910.329867490496,8915.79494788456,8719.18124673788,8940.393884740286,8945.199717850413,8954.656179732578,7439.8887903656005,8971.029494787654,8987.302189856186,9003.391019777773,9009.18865641851,9019.885411662122,9029.284708411882,9035.361263504394,9046.883505823924,9055.185010974577,9061.34491356549,9069.260408329077,9083.461727402982,9092.364208719448,8471.134733065664,8364.654014386435,9119.019295302935,8977.711411648317,9139.061380968365,8584.003337059134,9165.16566655299,9167.998941205044,7707.505336732025,9118.36333392638,8904.331048530472,8982.971858595509,9208.703548841586,8296.714302301505,8643.529140561699,7685.691633990547,9234.895168564422,8409.01465190264,8789.22941839312,9251.535971827016,9184.437080994217,7412.862791258803,8524.61179023032,9193.16448505539,9293.409921300748,9309.162910951673,9272.469506716696,9321.770187599279,9331.388004677832,9337.374641478527,9055.223772422996,9361.361641254918,9369.448951744833,9375.944165265655,9230.634732169101,9321.179938167257,9041.146581658946,9411.976854762152,9346.272858716042,9347.474336610334,9433.251359747055,9445.833220474382,9102.429451144873,9395.703858016268,9474.977986698133,8309.950947664262,9241.82305151858,7727.469651397878,8666.813777254272,7182.641076527998,9528.123230949897,9539.333674886955,9539.333361554643,9548.979715891895,9561.566374844298,9571.502947222112,9289.207651659017,9559.616381221897,9597.058624523142,9602.410812722848,9617.715085344462,9635.52171059602,9621.873879762776,9628.334963419496,9178.301682622205,9143.30847974625,9682.71101558377,9688.796292419067,9699.235296192775,8721.321915056506,9078.333306788696,9723.36401721903,9739.228016411578,9749.375706093417,9462.590147381528,8285.092126687763,9757.857879210818,9776.602484533394,9783.942369225284,9795.377536150383,9800.804915115194,9807.14742288863,9818.92009593909,9826.997082783402,9834.704970958188,9843.24999690828,9854.45231475445,9847.155380590233,9864.356199689546,9812.179013379739,9548.186545567292,9894.549511054836,9906.250394235654,8669.594796492602,9505.549522305084,9943.087899591257,8041.080580400564,9957.881750915227,9961.281680477487,9969.985413990642,9933.705392115138,9981.759057843636,9533.286894474286,9997.710316543493,9003.542483054565,9285.722874014213,10026.245909159043,10029.013476859267,10038.329629702343,10046.715879800353,10066.511052889975,10074.717029198766,10018.28047487116,10061.461033613534,10097.019104765433,10070.784674093846,9386.835000742865,9560.171934458827,10140.411003354013,10150.943177987392,10154.120574559312,10159.73023521054,10168.877882150759,10178.340993557358,10191.89225368204,9208.542852674233,9581.32429041181,10205.904247956512,10218.812898977738,10219.08437140095,9349.856857286664,10242.177566105915,10188.163919932835,8497.896497516364,10269.095935513347,8133.7527414508895,9680.623116432667,10295.981246983336,10250.756381904335,10303.897944838694,10313.383711715922,9149.63478666528,8536.660180146924,10334.901951002848,10273.707888181734,10346.708793222457,10283.36962584554,10370.179341331324,8535.963124541577,10319.406132495422,10376.825730603796,7953.778089532581,10391.911262606734,9446.808726010564,10390.868982190055,10424.005474798585,10118.423675835906,10446.071077185723,8814.707051372816,10466.597773707774,10468.206830753878,10482.093015287155,10484.810611845985,10490.107514035222,10507.30569645889,10145.460851549948,10523.364860937994,8708.34264792641,10532.20457320101,10463.813897356555,10539.277411023455,10536.717553038023,10554.207698264125,10561.958554929362,10585.012791355497,10269.068764172825,10163.778229413598,10302.29665344457,10622.281636778505,10570.73526848846,10636.385635331564,10648.358453156648,10647.520888904286,10660.007307117714,10294.945275446005,10627.396781990923,10679.491145924447,10659.751137606183,10701.587293916382,10708.716146346555,10720.189606245698,10729.085774978788,8617.202431699896,10634.375643940195,9745.688345085026,10239.584856303862,10308.067168971083,10754.596587398799,9964.631167615851,9723.682195952399,10776.021916539506,10781.60635445249,10754.80712934986,10784.511421952686,10791.447973095403,10798.316190779295,10807.747974026333,10807.510994054255,10832.932808628426,10838.72460090162,10844.660190381182,10849.882795730035,10126.27049386303,10861.803418759497,10865.530136744273,10742.331131808069,10374.067501812817,10903.980590019606,9663.768408340205,10918.311220980158,10928.021931327765,10915.865221712505,10931.112342642142,10938.21996591094,10953.705833053296,10966.241006818194,10969.586997054781,10983.336112725901,10987.580214827538,10886.54601432492,10990.444658301081,11006.756987220653,10943.078365013354,11020.113474393016,8720.16013261891,11034.384074030293,11035.043430436763,11041.313077491699,11054.693711175823,11067.34164461098,11074.562525553869,10951.85301546989,8483.225174000629,11092.22115233707,9784.714564655045,11069.831469141409,10968.126371883875,11072.323492060244,11021.53992533064,9967.987744474995,11032.494904978588,9569.773928752422,10434.885567616242,10634.811361405204,8769.801656581882,11183.79117630319,9513.054190699442,11187.890578397006,11167.570767819789,10323.95211252549,11217.72659738855,11228.608142304845,11239.077463019017,11202.491547077001,11260.290622048109,11266.055435737646,11274.473048318614,11168.780548856674,11293.205135996854,10924.17905902739,11302.70055749649,11301.171618827217,11200.923899710617,10704.31731428505,11327.492911148418,11329.623605959985,11332.274606799054,11346.089192561112,11300.19962180493,11354.560989622256,11358.636278540504,11361.568960175748,9157.86792971433,8562.792771638395,11183.080544073388,11390.383798721865,11393.409327616193,9207.47351868543,10436.797142544568,11418.464444767464,11013.85975751873,11273.653301719862,10744.687083840387,11443.858134509132,11401.10549544215,9913.788770537176,10490.116470025603,11414.160922244106,11478.648947886259,11479.260553356607,10117.25977016883,11492.328119605576,11508.707468071203,11519.865029367451,11497.82492414399,8999.133515152422,11537.200940029325,11517.49200752303,11534.020019544723,11559.50635045326,9001.03318217754,10753.351481522786,10728.429567835265,11579.394681634796,10031.14359577373,11596.763984322333,11511.561695219287,11606.63672218886,11610.67455423749,11600.740363488525,11594.020906577307,11614.599713022972,11622.487621664639,11402.266259956741,11642.27238923758,11652.577358717352,11663.087612988471,11671.355489473903,10587.019461860753,11685.649942135113,11639.280968600313,11119.296869730395,11716.240379792833,11014.22964118283,10384.867042729113,11743.387402289412,11688.529740777023,11747.07510741789,11751.589937801775,11757.27629339339,10360.09337942714,11774.562589932102,11784.115465388608,11788.246221679892,11798.964215820875,11004.653910029378,11814.779593163812,11367.49030739477,9742.051848320012,11833.595277968965,11386.871797919744,11851.30856978327,10795.014015050576,11868.277936914787,11062.524151021502,11879.947284845073,11895.411782173845,11901.598474334636,11818.489940713951,10284.522593121947,11851.152394775369,11887.825562626733,11917.408519349583,10994.859905719415,11806.873577592152,11934.553041420288,11794.663649251579,10723.968417025553,10317.848649984891,11955.656001777126,11973.6807662883,11982.42637895942,11767.88156164241,11931.841351700024,12002.65721178988,11914.470521016368,9123.752869514978,12018.111645039693,12029.289595564947,12034.854029407023,11967.89536336533,11294.199043498487,12060.685853228306,12062.509068600455,12063.738458488906,11272.948210943476,12094.217221022258,11381.22789607109,12096.834266757422,12031.690252521003,12110.133837493142,12112.833178284498,10461.773847035362,11911.424793923668,8909.302430666698,12135.954700494176,12012.738175094059,12116.482985091716,12142.17909637883,12115.657262820161,10928.645126619998,12170.193845778313,12094.627509132286,9363.878519634416,10743.027533101418,12191.890415307305,11904.76655776389,12191.777547602695,12199.307649209226,11971.434711313923,12167.216292027952,11903.738662073425,12224.06435077686,12232.113099860575,12242.390317584748,12255.3204397722,12256.721099269562,11982.70586001014,12278.65874044955,9844.199453978485,12291.174301265255,12292.717735851276,12300.78431468419,12302.63912848939,11648.519615744195,12323.876395985619,12324.44861195952,12331.624981705514,9313.08028651478,12289.177162052145,10451.324681132928,12336.508855512304,11764.135534013802,12348.688268236168,12355.762261684678,9541.73450663062,10331.101712964068,12378.393832369213,11805.952509341787,11808.90950250017,12391.89702278082,11074.661194937793,12403.10348919415,12334.14871530856,10747.400175697441,12406.368505762932,12402.235668208821,10867.647764241183,10398.344695631999,12383.053823399923,12427.690733365653,12419.010103838324,12442.597517747205,12359.526168392847,12462.20442519906,12471.084307107672,12333.416969562091,12489.685257295687,11826.619822637595,12494.174955793527,12501.155420039298,12482.241162748152,12512.415280213372,12518.258693445017,10676.440995451458,12424.343108271036,10561.902704612166,12393.713708895926,12532.850239994386,12545.081618200338,12544.976704633085,12554.777625344974,12537.235480674814,12568.701346976393,12491.765390795597,12587.506511925021,11233.057565335219,12326.220099921133,12573.387442188292,12602.94616771633,12610.771962500114,11361.611157162139,12618.661841699139,12621.312408137299,10021.32234525319,12557.382001534741,11736.554941116583,12661.221204451966,12662.992085023696,12673.238322551044,12391.755038944439,12692.583474421506,12694.98612180618,12706.199615745178,12622.701639073619,12640.950761796172,12724.194738224205,12725.286331202693,12731.052365517924,12698.472171950452,12732.218457306704,11385.124572266652,12740.389652888798,12474.055335295547,12482.459211179112,12262.482072912502,11803.104708296865,12739.857919054515,12730.580784616714,12780.295646440185,11409.24897342345,12779.612010146973,12785.362351853686,12702.867152542225,12204.96300358293,12796.692013002055,12704.669761540827,12798.104382083357,12813.7380796667,12817.106529291701,12828.157579109857,12833.785645013784,12713.78324244298,12851.347630233382,12860.424717082295,12866.735150342985,11195.147482645812,12754.956532015989,12887.23978792254,12889.065234417967,12877.506385001605,12902.851007961968,12906.270630147495,12912.596689270127,12918.04667136577,12852.990394957817,12879.492777643582,12939.920668901312,12900.387751994867,8762.389932711852,8791.684851346785,12840.188019784258,12922.552579348794,12934.751036072685,12580.607855190343,12451.87277941149,12580.356300146212,12942.258444042198,10815.188022533126,12946.549697471015,12954.352698161561,12938.322967631644,12522.574297743968,12967.03354396763,12976.931440333312,12987.404896820002,12998.269142860674,13009.049308088945,12271.62539244135,12468.484156374605,13023.04523722294,13031.75634921602,12996.346894125803,12944.34506317893,13053.225935768822,12988.1825806441,12779.436656143536,13087.528286213117,13104.311778391566,10713.186893630547,12979.058476531398,8899.70431469664,13112.437204682012,13120.536498527305,13126.468559809622,11910.881234765226,13138.797235121561,13145.499755466457,10901.833843950835,13142.25542779313,13152.369994792407,11949.920698663273,13170.099501864106,13185.856905278655,13184.229428350965,13195.01035258614,13200.916621137278,13204.567198508688,12748.899313818636,12291.602137513606,12384.909328628104,13212.788311487448,13213.994713624093,13228.471851348208,13231.948908910756,12047.820159321074,10956.563978278875,13245.365664050994,13255.366105270065,12418.236440422555,13261.59957056341,12406.31254385302,13184.406887406341,13289.901919186872,11909.459465376895,13302.657985268574,12969.865684634464,13304.24732001768,10517.406361519508,13295.829015608622,11761.979423141058,13333.946402949163,13343.420757762411,13350.188324028672,13341.067084721593,13362.011893257099,13360.420990930574,13361.310657422986,13366.927574010608,13208.03567635898,13271.585271267975,10363.685844018384,13363.558492898632,13370.002121284668,13372.404837206472,13336.772815953505,13393.390569025412,13388.525396780375,13409.186659866424,13419.326059216603,13423.503799988322,12369.059102444704,13219.93762415988,12872.375609884117,13329.74701506013,13461.569463076421,12513.95328203439,13474.653218022559,13484.829200928547,12819.646945230823,13491.197151932662,13370.974622894642,13497.604375539755,12851.175609252861,13524.063130120612,13501.161655341122,13471.876748708059,12500.9404391496,12764.81084210738,11575.070857432114,13552.350203612054,13557.10379919946,13530.794672536987,13569.732603806511,13088.613891832107,11756.1276530835,12497.674787242213,10541.200061712954,13594.196991214061,13603.447273507743,13097.036327569172,10720.831624281702,13612.412962651424,13616.167756458886,12838.392754150284,13016.127426524681,13638.773700076381,13640.564948517604,13649.827142746597,13652.705193263122,13521.586807222497,13674.538677005963,13158.54547853763,11552.739563263123,11985.33437753898,13111.817340941128,13639.434365958456,12534.653605362166,13584.743197595748,13628.75208093953,13717.81327023004,13723.374640722128,13491.33062934053,13738.619740782282,13658.865830082847,12600.98665046612,13753.224120481009,12845.067997894268,13754.788353306356,13757.658596814514,13397.152886810763,13766.71070794388,13766.445005938309,13303.868616200863,13740.795250374144,13785.520924318644,13648.219921968788,13781.205948257355,13788.905756505857,13790.97871213813,13801.241977132973,13803.802868203113,13819.899673039516,13638.740914593971,13832.92046861194,13425.32143871512,12580.772925441604,12640.71289569321,13852.64663054903,13859.300349972937,13841.081127430007,13868.879329901156,12968.766820587589,13006.324027654398,13120.493144329004,12249.835791831923,13897.089746486678,12267.602406332024,13894.665946634545,13906.291119800786,11737.086747508107,13302.722688018644,13870.556381931929,13848.502417068938,13934.195138979756,12295.737736940138,13808.651756851588,13865.17279501848,13931.788989360879,13968.053606848223,13930.666337768653,13975.38382692212,13978.897665554769,13979.07444755853,12913.644889340076,13994.897678761767,14001.709770403708,13829.241442509227,13418.553191458732,13633.540688309848,13864.530626102043,14010.986812700181,14009.716574512116,13855.384633180347,13601.059636523149,12013.969486815517,13983.099560366627,13891.546332484782,14019.194131851413,12894.3300394043,14030.634750492809,12877.836073712897,13339.747369561244,14044.164363874412,14052.486171105973,13960.453163498678,14048.495778141292,13958.74247263896,12858.156388330359,13969.369080365694,14012.114914199115,14028.815752975212,13672.118704424074,13751.662178631628,13680.271928517566,12738.00028724932,14053.094089358276,13776.122938557404,12112.303894803252,14051.153689629129,14063.63754733162,14073.00857544802,13999.002304113214,13185.483656931701,12877.015367988906,14099.795901056357,14106.083171983477,14117.262540180844,14125.3313890799,14104.337456599049,14104.37850062349,14119.890242136811,13709.756035188493,13301.859575658465,13737.16458565269,14050.81098444926,14134.278669411884,14143.30790193067,14025.672998516784,14152.277284648211,13026.0230704765,14146.435854353673,14153.721540096001,14078.67902413817,14165.728198793462,12818.452876532343,14179.439283322627,14182.791718773655,14195.259401898138,13029.364597519112,12728.38875554056,14205.209560850119,12763.394553248632,14207.490183634109,14213.50193978017,14219.458698710703,12067.052252481883,14105.187605470488,14224.9960729984,14160.292445648678,14186.71763628811,14224.958162175679,12410.376290308872,14229.547672371453,13041.258828208125,13307.799606092893,14229.209935082228,14238.591155006752,14246.931162904804,14254.324824965004,14252.51370951428,13495.429408313676,14256.104811572934,14228.593105004507,14118.449619475408,14278.59804159942,13902.736686304157,14289.603869150731,14292.532480761045,14295.30399938443,14256.723476874406,14311.1188709878,12575.1534232375,14114.75712943875,13465.520882182802,13921.943076461534,14120.635848762187,14094.575546282344,14337.427898311382,14339.070464406157,14342.974841784015,14349.269776763167,14343.851559777173,14348.908881573776,14319.492435416438,14367.219851168977,14368.074899316922,12224.93489801039,14380.145772765905,13997.670194217617,14235.996167482743,14399.742266701116,14373.072550362245,14403.428856560962,14204.990673408733,14401.067252497061,14409.484942664129,13560.38153189342,14421.733026738151,13906.361738962754,14427.954008027567,14337.082229318237,14434.378511973244,14156.921810190102,14450.35664148729,14453.697520163436,13602.616927750803,14460.466582765584,14467.343950374228,14470.8228054803,14481.40397953412,12634.817177122126,14223.737203843506,14486.272935184743,14493.040812699126,14490.507220458554,14380.897496336735,14492.532102156167,12340.823156438268,13396.862493212973,14517.689532669148,14516.35628464942,13174.550968395595,11418.424915412596,13502.749488335856,13649.918751260391,14231.992151253982,14209.827424480396,14091.286755570125,14526.397659406528,14537.910949747864,14548.914207922022,14164.235676686509,14566.234508324193,14571.436668280849,14575.22908879512,14578.500397915795,13616.758678559054,13355.883156532795,14557.001681137486,14582.67236800171,12634.30256909401,14596.113153956408,14605.732220589234,14502.955644727765,14069.839637424599,14542.288486821435,14512.229325347495,14638.400381306701,14644.120358183043,14646.08198950684,14657.043945598944,14213.050402612325,13699.495582137599,14664.139163310054,14673.917793494571,14676.004323320796,14680.085998852139,14682.629247944926,14654.470855199166,14688.779657763285,13599.610716629337,14688.17823288054,14692.248767807509,14544.629053871258,14001.995412841614,12778.0704747109,14031.482903469523,14702.497691190403,14705.95445096752,14703.386975297168,14709.520480522908,14629.680292043002,14723.851658915826,14726.411838059523,14732.379808620139,14742.694588205848,14745.386587248518,13967.113798206925,14749.229766111084,14755.52463135137,14759.512882480696,14736.82627974498,14772.456443526244,14749.744171046119,14778.800546008839,14790.005336028637,14408.006279664796,14721.111277973032,14782.143792743289,14803.56439492131,14318.78933064767,14817.516304444754,14748.057767636554,14827.93592526169,14826.529124550398,14830.40222732644,12697.739201840592,14837.351034241667,14841.210912604616,14676.044463283455,14073.019388107514,14431.8896652712,14845.623720113756,14127.816031232449,14858.699981663383,14863.662534060388,14864.340786863633,14863.694553171259,14746.034251548503,14877.967875254164,14885.881239129028,14867.97402633396,14887.289205036308,14889.114962174188,14860.302513012834,14901.18836042564,14713.247808566088,14900.036036816007,12921.142356612418,13440.929629025124,14511.848390031042,14923.854485480842,14934.758812918672,14392.118586509028,14593.536097581356,14741.782579124949,14276.886108954712,14210.756864551427,14948.676427792438,14948.809242168483,14942.388114026828,14054.116037453898,14947.950921178544,14953.70915865003,14959.414972774859,14959.807781615926,14963.530851945321,14674.204912845937,14970.586917439532,10614.099671555117,12046.63895268721,14957.7823338021,14583.021670249995,14972.358774409624,14971.562427590297,14980.613775062944,14554.920179244657,14984.95190119232,13613.318802753674,14791.886885764285,14980.963567595792,15000.76097223908,14112.549317164643,14099.596766649594,14942.373730113452,14997.085938617774,14999.092403372435,13485.762301151108,14906.155698724766,14805.364257297879,14745.7068896571,15010.709057547281,13873.102395042066,15018.10736700148,15018.583757566736,14104.31597780155,15013.15839426365,15019.497745841254,14695.489903536674,14642.714646483844,12126.197370834945,15033.209812432919,15038.803757979667,15044.578724052499,15055.526738999743,14406.41337895391,14991.561265710774,15077.930617329339,15086.166357085982,15086.701253156203,15072.25380980238,15097.038889063197,15071.58640167032,15105.089859614236,15109.683612972904,15118.539356992163,15114.915008289963,15126.384645301414,15135.635870057342,15132.730428825762,14850.312137841582,15150.098959752277,15144.209568201026,15161.731026403071,15164.689294922471,15164.631369116825,15130.869153813754,14534.469984996456,15178.46958373609,15119.76961533321,15183.537443451703,15182.367696836987,14014.449427540269,15184.275038157168,15042.075163260326,15010.741930464124,15193.14913818545,15205.855406076791,15208.132352655191,15209.923977377211,15217.179290002083,15222.37430896551,15228.25873602914,11786.538748293893,15224.997589826908,15251.271812035386,14558.230258076159,15250.231116113753,15253.361559430092,15254.486594145868,15264.641274570946,15208.996856764323,15185.810851945544,15276.264602804422,15271.568426766597,14913.48981953299,14557.016921380966,15292.216590723296,14450.891880884263,15296.391809880526,15307.902093255063,15309.378535425376,15305.864268709429,14743.44116054163,15319.626914860199,14788.709444486065,15334.174156499015,15030.98796528429,15334.17199259256,14788.982040731442,15343.81929198318,15341.502614020914,12993.107381146596,15325.563617923948,15346.895321171694,13505.507179146398,15350.1517824191,15293.883879296724,12180.553019898527,14724.250662441471,15351.05940351126,15332.02769527308,14560.453379568813,15360.780466069484,15365.096949080795,15366.80657664698,15367.132124162335,15365.43697758098,15371.353551488124,15357.301532074798,15379.347638543179,15379.344524903403,15368.334466525323,15390.047719242126,13683.739896873545,15401.930061344317,15406.370633130959,15361.56050328147,14653.779488651693,15412.707691290798,15335.856627982306,15403.956539559493,15412.936220408166,13158.325618204013,15027.161761288795,15423.538639913231,15431.368278649694,15174.420768181204,14246.1293049509,12630.633303483415,15438.381337694687,13825.526188361118,15453.131589030196,15440.972699723327,15413.948054051527,14722.024636139055,14351.674371520277,15452.892795623926,14260.661435748207,15457.395988749267,15409.151372990176,15461.863130699665,15469.132563260839,15472.143234979974,15487.031689316866,14867.818881008765,15120.826059543304,15497.983850316012,14914.264765927051,15470.60297844061,15509.793233448869,15181.659765214337,15407.167501651491,15516.848004468264,15485.023987564688,14688.827861449587,15531.195918502419,15535.282537758845,15539.111473206456,15545.952368819115,15546.34669754194,15542.211810443616,15550.76256232796,15552.502473992816,15498.595112559837,15154.03356046889,15548.447391826858,15487.234094244113,13119.46828360938,15486.833334437286,15488.12685274077,15545.126742682416,15558.875211531387,15488.312592747532,15555.302267179919,15566.748762647478,15377.74274637369,15574.30885788702,14592.572319275054,13142.354181093766,14288.945786084018,15467.373400933571,15584.27628772686,15007.474005364431,15589.41651146954,15596.180886799368,15055.532913381781,15599.896939225277,15607.23066666095,15586.841859989721,15610.778877121813,15609.293609232143,14461.94289350098,15617.72462323448,15616.6720397108,12901.952973506435,15630.158162274354,15442.293047264971,15638.128798360034,15475.429195272904,15652.35448801983,14593.19785976223,15366.687193795098,15664.355113371348,15666.070655579953,15667.11625950743,14980.206167370598,15670.812263517688,15080.15048089547,15687.362348938943,15690.312786709423,15691.840884641793,15690.756729076795,15690.120140609582,14860.09837724274,15705.985556282392,15702.684320467171,15709.513277189599,15704.594256884437,11939.011913453314,15104.212142176499,14948.18633765847,13914.609390573141,15721.182391006962,15717.788454033385,15725.679245137691,15728.778389715224,15729.533088953414,14435.570895773422,15711.350656655817,15731.973409819695,15737.084473387547,15731.23670121394,13628.059078927545,15696.512130394862,15740.360466015416,14715.167400113944,15749.20661584047,14146.536140689857,14850.398835844879,15768.00603780644,15766.560909813365,14797.709653211454,15758.617893694991,15702.669702077412,15780.72537659081,11347.568873308915,14384.782511749114,15441.868888600124,15556.680539891771,15795.44608710853,15799.152536206808,15808.215616386757,15812.5422880272,15527.252175641808,15812.78178846766,15816.893105960939,15150.91892078121,15795.593334838217,15530.567683592259,15829.03116226444,15831.721456699523,15610.991224663849,14951.527357517698,15812.348889698009,15846.532726276164,15843.968277011725,15848.68489094714,15852.644649729893,15840.505295227826,15016.61458464587,15857.038658604308,15858.397134921928,15857.712697799356,15860.950588019621,15863.489035090593,15068.023751012728,15564.740258658543,15867.470151336187,15220.875830095334,15679.650525472021,15883.754816430454,15887.045977314383,15379.037423400361,15390.32292905905,13878.22208685274,13325.88097273772,14736.272488613546,15871.091271793131,15866.208013640744,15338.463806737798,15517.690757985843,15191.672870875575,15883.627016327739,15072.733600310703,14735.464385811938,14798.236666427456,13903.582142570967,14170.379807557316,13283.24204468044,15903.820221291204,15027.885748036273,15026.351209973787,14499.724317246375,14817.433399143627,15036.00449075751,13680.081845117036,12417.231571680257,13596.806583769005,15901.785457712522,15749.545462363307,15899.784751808875,15903.355266465018,15822.814900586403,15488.740811183476,15911.760873293,14620.39417026039,15914.86228580067,15891.158476365825,13860.536178389444,15940.368416899388,15507.99982579351,15122.740464068374,15951.077555940841,15957.509860245882,13307.266714352334,15964.211202747452,15968.714303013498,15970.065380225735,15975.37757878981,15970.302050859886,14743.833690860587,15850.266187095895,15973.583683537701,15973.861672607263,15948.67884305548,15977.8033480868,15975.987450248953,15793.567474670826,15983.163217069163,15984.6543494418,15975.594809039621,15687.238744090539,14457.938669307034,15977.486745016226,15893.463360583966,15957.484559610799,15994.840549538541,13785.622553323616,13930.30274424931,16008.764439443388,15924.233725489452,15923.60720091445,15999.152571226765,16008.375898220065,16015.85211619989,16013.543025373609,16022.535939387657,16026.724846695974,16029.865570681202,15981.790689055035,16032.533086503066,16034.346765416436,16035.16243060845,14616.677122826723,16029.363297817057,14890.282544857466,14954.094713546652,16038.438776891488,16039.11834699245,16040.522646233941,12734.26199765818,16062.006175895234,15755.384485272927,13675.601392307733,16063.68478253211,16069.31584593198,16051.70991042065,16076.136579662445,16074.695617750858,16080.473336147414,16086.138242822892,16095.307321347562,13364.124772343788,15958.377342413563,16092.675263040033,16091.90370233602,15637.265399015041,16097.627947583418,15128.016928237474,16103.063638355314,16113.947639454967,16115.182273088149,15231.56203501122,16127.41934253236,14937.402867582086,13373.408839888572,16138.194256615401,16127.315668135885,16148.80594956458,15881.36642773513,16156.827229805966,14007.584351033396,16174.006099005404,16172.834648482498,16181.135770650913,16186.077098515443,15841.787060281144,15440.727188368137,16194.865476549474,16202.067397605013,14510.79355782254,16200.795029275701,16193.602007618943,16191.092877749461,16196.99267252493,13838.1889189125,16198.80231526979,16203.031237947493,16117.432979814792,16210.043303031322,16210.62999088798,16217.197929850161,16221.979045623842,16228.349390783256,16236.78333409915,15525.895726868765,14659.3076800275,16237.055246700416,13227.643970142528,16248.43316780516,16235.861515206932,16253.33222363641,16254.661432443376,16267.467974032563,15335.261784768727,16263.060118669098,16103.872132977871,15073.64975386816,16274.816661515259,16256.215265333916,16274.993875990642,16260.646620840078,16289.897822799656,16289.321262655278,15336.58896474449,15011.206469783385,14040.080149817604,16065.498643817955,15924.259087044928,16283.589769424569,15351.879593298185,16290.480247712001,16291.559160537181,16214.79067801888,16277.323150886585,16296.232444925552,13720.507643317664,16297.521030819431,16299.158445222254,16046.79635697936,16288.738046868471,16293.214950296206,16274.810947722532,15322.086413677695,16294.100854400062,16009.300873059065,14722.558988374432,15898.674354849225,16325.508383930159,16295.790661307034,16330.242475525334,16339.021479382076,16045.409156383852,16350.236777090515,16354.700976709402,16357.761606107788,16362.7615721281,16367.917739338603,16371.626822614742,16378.641281138247,16378.134358163768,16209.226073810909,16389.208766327512,14357.786180313102,16388.925282336302,16388.429608679206,15509.748132115314,16302.311411111856,16395.791072956283,16399.732005394446,15810.146048484134,14824.230772911207,16394.502415316972,16393.36290055553,15958.135286168404,16397.733887619466,16402.751985270934,16405.758478669395,16414.015610014405,16334.316826976265,15104.69910196237,16418.827065821195,16424.590600435793,16423.82159935287,14650.648216300991,14668.354575848862,16434.56587013624,16429.58648520189,16432.737983894203,13359.771206359776,13697.142141481072,15571.107148152405,16433.17251242729,15151.87347204617,16435.96425233389,16352.43032546297,16430.570019331357,14880.757311214751,16435.71060510247,14347.113143893665,15134.307306356906,15993.99271840078,16429.729305478068,13835.269230207734,16444.778114626017,16448.026670858337,16445.91889435928,16419.419794724978,14644.05771174198,16447.083232966586,16436.002243077055,16445.966365013257,16032.411078872994,16077.463696419743,16463.56254433809,16381.398508283697,16467.816860255727,16475.10570396913,16480.122757969377,16425.105431252956,16484.252806129927,14052.98912964228,16389.451804126158,15495.68436399777,16494.265537702817,16499.857724342273,16499.641774419702,15460.47125071283,15694.898217572356,14189.14748329932,16447.05977864748,13175.106832423684,16480.791897309766,16501.967920740815,14203.437282388024,16018.206212861065,16035.8775351843,16439.797271048847,12758.197469917044,16507.546477886197,16421.218653012817,16483.982477879923,16503.081353776968,16503.884118049154,16505.83337682665,16511.858390650585,16516.686434698324,16520.470117902805,16523.442339200432,16532.537925235203,16529.394997836374,15947.18220850219,16530.61044887867,16533.328248283444,16534.483004359554,16495.48319695388,15733.844565483272,15884.136896318734,16227.41020321256,16542.363174131995,16543.04836637433,16043.029359620597,16476.67675167888,15673.795355152677,16554.323660704966,16551.43275893281,16559.71613059174,15872.422354834502,16544.65892849943,16566.21481900695,16126.239623537414,15875.388516979265,16563.798014203287,16386.213180826944,16563.714719137035,16561.657448420585,16555.291855672327,16558.519047939324,16562.978991505235,15520.629347010803,16564.444281071083,16567.885234360758,16563.47696276958,16567.549965565257,16565.77616080932,16573.43844276887,16556.127141658755,16578.57485358264,16068.501903796268,16584.638192893508,16586.852442899206,16585.034602306816,16592.349721608967,15965.657046072418,16592.602419619845,16601.173207899603,16465.978776804528,16611.371529778076,16615.202122602335,16614.786302409153,16613.215338705453,15955.204314336705,16579.022721525987,16291.169839590377,16605.572939888003,16602.87627459175,16617.835024714208,15032.509321414751,16627.477943956477,16631.7830425131,16639.96545867637,16315.265749914091,16357.943648264638,15982.333153379042,16570.796848972233,13019.061174556748,16619.432683717514,15721.57514068603,16613.018594445733,16611.954638906693,15525.775964306666,16566.73252999921,16617.416977868164,16608.836813815018,16539.02587532718,16631.665155902483,16634.743223295765,16638.774844443695,16652.153882209655,16652.07857861648,16655.287137469884,15802.093068043498,15780.055287475061,16647.761041275724,16663.55790506408,16429.092705488176,16659.039556584354,16649.99533653919,16662.113910235144,16661.64457142907,16664.771784091965,16637.2343662491,16674.049705542446,16449.061683175965,16530.99564402053,14248.405004739225,14385.531042748995,16664.190893400384,16663.90296655689,12550.536402431631,16097.674848944376,16297.00725115166,16669.001190744493,14354.84915470261,15612.009509205363,16671.928424791924,16673.163102769777,16192.333939862963,16397.389464676362,16674.16848353737,16677.086470368577,15141.145755398245,16677.076002770475,13695.617296912367,16581.62127086983,16623.223202773763,16662.170076488856,16629.964940191407,14097.31470459008,16226.662668301713,16227.10382992145,16663.980814178223,14292.79448710027,16662.77962951068,16663.469259338573,15248.31771257334,16671.2358839705,16149.612548995194,16672.65003454669,16677.76590550864,16656.06005830233,16669.51047101522,16609.46819154238,16671.070979291857,16678.209229064483,16667.45672215205,16709.195685628034,16660.888195612555,16707.12144653089,16713.75796167756,16718.33341612507,16727.481403442052,16734.137904739666,16738.219476600152,16736.815372544046,14531.472203431687,15911.14336551322,14044.071127448626,16625.805855749528,16732.50389388744,16089.906974484491,16706.58735388626,16283.02622804629,16733.32820894175,14694.700558017099,16746.85999398671,16458.1122633861,16751.840973527753,16721.52038603906,16758.215711506553,16757.41197216503,16745.61476315224,14879.854377717087,16742.829064341466,16743.949845627238,15004.955979746723,16745.186622376685,16750.857907701524,16753.96038570865,16765.860162436624,16770.258648496987,16774.465157978033,16774.705792918514,16779.38509410714,16102.608317884813,16380.091896493146,15844.177697163248,14822.731569536516,15973.332695646317,16213.995544099398,13793.068565414504,14780.971593106553,14598.756224001443,15788.750000594791,14985.447355856675,16760.101941275385,16756.47474874226,16761.71666537786,16763.844069770075,16764.57407312244,16778.995237832918,16785.749057514462,16784.13401271599,16794.716626902053,16799.209629541798,16806.531490242167,16587.481005661833,16784.862654292472,15657.865568615596,16812.50005690878,16818.686403549855,16824.442678563857,16820.49249478366,16806.61782927031,15463.342252390246,16047.626211757635,16820.441773186878,16822.48099091975,16797.022070563915,16816.339767053687,16822.27854404525,16536.136990669114,16832.47658747818,16830.947297394698,16837.337597048663,16819.278980755822,16836.88793676833,16820.895903180906,16732.90623416201,16843.452001103095,16850.13362247084,16847.324012815585,16830.19633579385,16337.719505277108,16859.946150733693,16843.860833550832,16867.57173192385,16863.98387279273,16869.1721312215,15518.75106817921,16883.78443935621,16885.284397433556,16868.94823068954,16019.273281697106,15329.789486074542,15653.036582924073,14584.636930480068,16868.65586866986,16709.05325368736,16899.068987861916,16899.88427301165,16893.136402212527,16885.100567118807,16885.980828824824,16822.555080840906,16881.79090608129,16816.97218191569,16874.76089735442,16872.494430595296,15150.464986107505,15027.82868032005,16883.47194504063,16885.50330914899,16898.38158543604,16901.10157909338,16890.137090872897,16907.024107708196,16687.320616481527,13847.976288389546,16918.002694411032,16920.71998500621,16914.808980708505,16919.609625745936,16927.645960059737,16915.688226184095,16681.236784381217,16921.93668723751,16209.507426838567,16940.14750317818,16447.22473666377,16698.779360840566,16233.916411435326,15031.410727993942,16103.414876218994,16942.566325360618,15992.4655468137,16876.250239403984,14998.118647364663,16854.444600094568,15996.86688106666,16864.045965055393,16915.364303076683,16901.87443087556,16912.189652711677,16900.571933064017,15613.210249280086,16717.074006374434,16926.53916767198,16933.255687414796,16940.02217852839,16936.375897498143,15719.306330187728,16160.686723862991,16939.403373344703,16950.39340232604,16951.97668599334,16942.66843781093,16951.701563532686,16957.782053709678,15875.28003247269,16954.427451087235,16208.356959721736,14678.364007704844,16976.67586890252,16975.084940436805,16979.659540827095,15379.387892024823,16982.6683077267,16984.16702755323,16988.920055842853,16994.098445406646,15231.305626684492,16992.34483050937,16990.096557339097,16984.64784726488,16996.462634008636,16987.189770290985,14141.366305107402,16987.7531180679,16970.89474294996,16993.672085051887,15954.43617459094,16988.76810066446,17012.62643742073,17016.83498461111,17020.04611822752,14754.251774944969,17027.39955730835,17030.914999042896,15849.311042972833,17031.60484953074,14347.270651522747,16206.607421363755,17024.853418074774,17026.596764677903,16854.6539508104,15160.881547078068,17039.633778022726,17043.309528203,17051.40984850868,15242.1704850552,17053.765876548412,17047.78481768039,17047.966576788178,17046.55822096077,17047.507734819326,17045.754965601984,16449.132548225392,17048.67456423537,17051.997726455862,16576.482778153717,16464.861846133215,17059.032416289985,16897.518986473577,17059.723966158126,16074.980795998521,17044.226645711984,16505.356709248204,17064.37542221498,14380.9159793911,15965.045702751264,17071.351015949473,17075.345786263475,17085.96693900494,15298.365572877752,17089.971197270967,17098.573926962054,16683.20548110032,17103.101605312815,15777.311271216937,17097.628565551357,17000.419945570546,13761.531783816841,17105.31062012843,17100.188554085104,17083.275661025895,17113.20594707854,17120.564139277227,16961.270516026725,16277.734377270719,15610.246792507556,17129.251970754933,17137.378730651508,17138.182586904106,17143.325104999603,17146.97250061021,17144.873096942138,17152.77329848869,17162.844467677383,17161.56062601368,17167.860124189097,17172.387223173988,15007.614456086885,16181.39653229609,17173.2840291663,15541.102182471384,17178.437261140483,17177.538098801077,17178.084591114493,17172.324313302208,17184.30013595472,17184.92920762716,17183.966625254692,17172.06418418349,16351.188597770744,17184.441384351794,17189.88853596464,17193.336227985044,17184.13209306793,17177.665436480995,17182.70335388455,16523.330419631904,17199.172474587835,15945.134757248636,17205.71019445776,17200.428164688852,17199.603131897693,17203.520703492828,16452.507866454696,16777.464532887712,17165.116102219326,16628.525332236073,17216.21336216489,17215.979833526708,17218.28968484202,17219.16758177846,17219.936177443895,17087.44683382485,16500.154449544763,16336.717730189637,17220.022813898937,15152.310816289733,17234.503151462904,17227.960700673317,17237.44315119531,17236.964506540746,17146.05570169307,17236.66983694919,17232.1649426159,16117.147392868952,16849.066312631294,17229.886298181118,17248.656333771545,17250.046732182793,12377.507542307838,15516.947412037538,17228.523686390126,17227.315107005918,17233.85536858304,17237.576799309092,16163.105164720178,17206.66111134429,17241.12155009118,17238.121593744974,17059.824870735436,17247.7305176685,17241.2704827048,17258.250039322902,15900.296474662202,17265.177341338967,17276.01255264071,17275.16746343754,17278.70026709669,15409.433197904462,17284.96381801721,17291.27509086851,15770.691461583854,16775.1262165102,17294.338742754975,17090.72155331834,17293.206339087003,15247.857392002381,16149.4186173486,17292.489397522022,16644.137486829357,17280.87019614606,17303.226527022056,17297.744251613716,17296.57394389499,17296.532985912363,14629.00259629985,16706.373845408034,17301.676804012244,17306.01705672183,17087.34339892557,17291.679844639628,17137.349827843882,17224.02056605062,16957.202617680796,17302.827526302888,17307.41280365766,15917.49651664746,17312.716380494363,17307.331868306304,17320.120784915875,17318.389885206205,14114.923558291524,17297.72036074883,17285.7993274371,16992.57873252927,16988.509512081604,15459.71270267885,17300.570767940808,17213.11502987655,17312.753056884783,16899.381371002022,16872.17753813305,17319.513512190162,16903.851675466172,16907.742674790854,17307.505324831996,17338.704006722313,17330.70763253266,17338.832602082915,17352.634510661897,17355.46597401571,17360.205158678236,17352.10451388065,16773.340430921875,15010.72276366409,17267.26730747325,17352.39533969367,17290.072772111813,17357.77351340544,17359.325963852993,17367.240614136896,17346.85286949816,17371.124190382285,15899.859190035642,14762.397657652036,17375.782849919717,17367.628638912734,17369.6963630956,16879.969975047483,17388.279228105308,17390.533745935496,17383.016791664624,17397.277316481603,17394.570987690327,17140.62917683341,15726.260058143222,17407.14918439229,13226.562808901872,17406.316656848994,17406.63727099506,17409.51152666693,17093.72676396539,16219.631183713356,17419.137534697144,17409.008713248615,17418.347436915767,16914.694876881036,17170.304242085855,17189.737686301556,17395.01826685161,16510.398520849987,17405.586320472932,14792.718621259386,17277.748123952617,17428.36926031209,17427.200053483542,17431.209059287274,17432.343983579867,13236.657088901042,17189.394250189467,16819.32675966457,17302.90912540692,17441.396816686756,17436.36054826724,15916.095632200308,17449.707654416132,17455.499182672676,17457.342526856457,17465.479634288717,17469.754917630773,16679.77920033949,17471.39544951696,17149.0099979957,17471.54411712137,17476.187807677416,17471.002135793675,17472.698159166877,17465.61740202248,17456.89013512997,17464.98512763647,17467.718839737467,17149.314020068385,17468.77434660851,17468.87426566755,12105.564538970675,15477.364216692707,17331.272205413898,17473.036197426612,17480.37487028213,17481.587461987547,17490.540105641787,17485.896321466924,17484.20438782408,17486.668686680794,17431.304905427172,17499.259515460333,17505.07442442838,17501.85739088266,17498.197093936305,17498.781611793627,17499.600225698367,17310.267907347363,17501.754953869295,16390.829076149046,17516.097223928416,14994.568968865491,17522.016187662033,17516.73952781345,15951.296644195258,17518.94178099302,17512.481512790564,17503.571923279305,17516.017245733052,16762.025042503145,17515.383458324664,17513.053696452254,17086.558401650087,16966.955899558892,17520.634822014144,17523.488577554388,15555.75621684365,17535.818790757836,17531.58869553555,17350.58136922495,16391.962810991026,17383.67394087121,17547.954433816652,17546.5235858853,17548.110256917673,17552.97767182843,17461.204796068687,17553.99847932594,16818.758565841494,16826.865853013554,17558.17407284233,17546.316486728763,16042.884163097817,17308.727376173098,17555.52571651957,17531.472509800737,17544.861664028525,17377.681734179547,15204.492105783942,15010.320155732918,17548.670867702313,17556.214909503055,17435.507936139802,17561.18534382309,17560.822546491872,17502.333659862565,17570.13041780598,16765.115315501596,17572.3197988188,17571.88263591774,17571.97525820415,17556.765723336248,17582.650625838432,17579.11955409646,16769.78842605331,17582.17669335245,17557.80218315261,17583.066397521787,16815.62700244719,17587.497947895605,17549.6199944932,17590.59176600936,17536.40122685379,17583.428286571936,17587.51220420012,17586.109823154664,17485.433077968322,17594.43214707093,17590.25992839687,16724.484916584952,13122.434312624326,16773.35538340077,17263.937857383702,17576.341810713508,17598.827439150475,17601.890934922965,17243.802753317384,17575.054453949208,17590.064458924946,17604.408843021756,17446.901618494645,17453.24553378009,17605.845215110272,17453.477168244553,17612.30169811226,17126.017044346732,17617.238055736776,17146.893134912323,17587.584982595352,17611.728358590077,17603.555161792556,17606.138537187675,17614.948695967876,17621.845600236455,17628.585088118263,17272.82982422983,17533.199158162744,17629.033034655564,17606.335230953533,17635.566413593995,17629.753179403117,15614.615687159909,15356.149604958322,17636.96270984617,17632.38132314494,17371.800277597176,17443.50854659081,17620.659303003227,14012.848534752367,17612.012837203616,17612.998752692707,16534.196040649913,17618.577288994267,17627.233144829883,17605.41106076815,17630.098733134662,17633.59002925466,16507.347505288897,17638.627276535364,17636.018049885723,15237.262208108075,17619.218169535805,16785.986848234737,16738.776817680504,16512.016136439233,17641.926584757417,17636.066673567733,17642.20376159541,17644.81205549558,17649.918751352503,15715.093945112965,15974.84809061416,17655.0936412571,17247.562867961737,15576.86110425832,17659.750559764212,17261.84247470431,17239.68198784227,15397.000953419494,16156.888170082282,17461.882582838025,16220.469517915719,17671.526621375437,17665.270777548874,17668.639350186375,17671.183478483334,15906.899619081403,17680.143491526742,16521.401649699397,17682.076685318738,17679.973358205792,16641.69707992215,17681.36205160288,17179.34685842924,17568.5513029376,17686.38350765502,16173.070518171855,17686.95090472542,17677.698484295404,17691.94739430138,17689.27106225369,17696.683876963336,17699.684958012673,17700.231543391033,15673.501843989916,17706.27773021358,17700.802554737977,17709.64895100618,17710.645945579345,17716.49376509813,17075.713802180722,17718.17323989425,17721.856754363365,17726.65103113796,17728.644013369296,17730.161206887053,17731.775260096863,17734.256198825322,17740.00483258197,17726.100737004843,17737.006510917807,17741.993973764194,17746.297386913877,17749.11953303015,14993.924437499662,17069.097225943224,17738.55107207757,17396.039709579916,17721.249723812212,17718.644416355397,17730.33667447954,17734.577770894586,16201.860060912617,17730.44767040341,17477.04096882442,16631.739417726058,17727.22741928928,17730.06355286641,17717.52607809013,17710.942946732706,17731.616808948467,17286.774079087474,17742.175556029255,17717.1899323712,17717.067561287422,17743.40183136695,17741.691699093815,17480.72157922866,17486.122104152542,17750.169351000357,15547.707599762443,17752.967886644245,17755.73866359312,17761.77754640233,16822.741112627184,17766.429415458926,17759.67461727725,17766.29874653028,16926.7899786257,17752.624566759587,17762.17440039329,17753.241704003343,17770.383294570605,17768.933242817602,17775.136185217092,15016.76323011222,17777.587251682442,17778.254657472808,17780.118796027044,17640.410614717588,17765.73132879104,17736.602096069848,17782.401984672088,17781.578864892683,17785.757965809105,15653.669969538052,17718.508035867588,17782.652073676974,17725.768099308123,17786.682470567142,17787.2271789261,17791.172903645544,17795.60996628145,17390.057972402043,17305.830958408747,16111.301460652845,17786.298985333095,16160.949524687601,17773.991798405586,17645.98837748206,17785.812502603003,16565.228462501276,17781.720330789594,17777.399118246496,16505.284600290426,17789.62224212853,17793.34094585882,15818.180357020015,17792.07022170421,17792.81460214621,17795.678781407318,17311.778206831914,17792.63342220658,17792.312630482975,17262.543206759037,17806.794399845618,17807.083840227555,15964.07829178771,17807.793814338118,17819.60224758996,17812.65536956643,15615.28566797399,17808.774275273652,17812.688538381724,17808.247424069603,17810.769589337477,17815.25199854056,17821.046149410304,16734.30240313391,17825.01395268787,17823.01839681368,17228.27961773431,17475.64626779074,17825.83900157309,17735.826127498196,17827.569798753328,16933.501438798576,17819.739980300386,16428.70065059688,16648.744703354678,17072.34613612176,17390.7276926244,17823.95975407847,17823.934857189655,17444.275032029993,17441.112926922542,17828.65747371202,17812.310291037782,15460.239227884464,17825.571208426885,17817.74249853204,17823.78914432232,17834.95166709887,17834.526562715866,16895.513348398774,17829.807271601007,17845.725488104144,17842.45047553042,17434.454023468184,17837.681509474547,17839.714158421004,17843.218620609954,17850.02264207337,16696.383445403786,17856.08600744904,17411.964186510624,17406.886668649433,17865.367801556837,16802.048206458378,17318.307333937268,17863.093444141625,17865.561114030406,17864.94926053941,17874.525614566992,17868.71839504618,17870.33773859027,17873.069007679,17866.611995829306,17865.010328428663,17860.55295115238,17874.367707834463,17874.605417813687,17880.479986146143,17876.715762702785,17870.99600583794,17879.974030266083,17892.65438661897,17212.411735811183,14201.525447153941,16155.715064023454,17894.142038117883,17888.303440396794,17866.40162968513,17883.309839152727,17880.539406654378,17893.822156555856,17694.739579752357,17890.602712654483,15089.192466358365,17895.911186713434,17887.73286522095,16327.038685341904,17893.055859092776,17891.910995789913,17887.99677180939,17886.886429373266,17891.025036534957,17127.510236347945,17902.45808017861,17903.987672787458,17907.81581405992,17909.419368646086,17906.99666325919,17367.939453788862,17914.24190768118,17908.43368121203,17908.355745099863,17898.528717056677,17752.517683225404,17717.947624910285,17898.362413210893,15895.070323806052,15527.117785046168,15686.669154747518,17244.057033095007,17875.912622958633,17913.612198553634,17917.375433030178,17916.27472843505,17772.221915488895,17775.082473215596,17936.23084328042,17940.126767655427,17943.17142966866,17947.68709123797,17176.01332465639,17949.5662965898,15230.324870369366,17956.470228318136,17958.681855075643,17482.493542144017,17966.636149163223,17494.466195043347,15006.008586973923,17021.279348544045,17966.65673511076,17970.03981877931,17975.064808288185,17977.300666770156,16388.517350208374,17979.57019076126,16718.172929670116,17987.430596758364,16054.77009192601,17770.759073392135,17261.178892809858,17980.96783137277,16757.75872833509,16890.865371118773,17979.513994448218,17975.989242525022,17974.068981136737,17977.11651735663,17291.577618586183,17982.93899845157,17752.468007409134,17977.912637255038,17992.79763160394,15504.923011128567,17986.24841327177,17984.85173905188,17984.3031694627,16115.922569813174,17999.314481899153,16633.953982153915,17993.454201467455,16479.245574436056,15964.123229121742,17782.87450774408,17978.127222687755,17981.927445315803,17988.017708941756,17788.71869200608,17988.709788093376,17266.276358127066,17270.516614054202,16267.365356575772,17620.03237728923,16897.9346404981,17997.711981153872,17997.24773761305,18003.25775737544,16236.861756872146,18001.512992987155,17374.433534805677,16785.075812351566,16282.656713166341,17983.145527347373,18005.4402422966,18007.97695543172,17996.73110021916,18012.390494062605,15780.383439467223,15717.843397780256,18004.973790273107,17551.85225595613,18016.327551051607,16571.185270409755,16703.150646886,17281.29751793789,15277.13514510238,18007.35037831366,18006.428041023355,18013.313812910634,18016.630935347956,18026.68146642237,18018.987670406583,18012.300893639072,18022.142809561876,18022.133228780807,18028.192451799605,18025.15656262347,17989.78266030765,17773.922042326558,15829.567204297942,17924.476185932086,17976.886168587036,17974.005634626785,17766.196508802957,18033.229965606402,18041.424722417047,17985.055158449784,18034.789923728847,18029.637739933205,17782.473311803256,17991.608789682636,18046.952631021682,18000.018296578593,18050.908343376446,18045.721007865235,18046.54201988882,18056.893124320242,17271.34685778899,17789.28224922338,18062.262239992036,18062.074252469512,18064.299740393613,18067.328581580838,18071.0842446335,18066.97151760085,18063.237636071342,18059.06955811291,18061.544605574567,18046.50680728976,17995.253675443983,17646.45853648436,18074.3059680354,17633.98590335728,15285.661129887494,17837.319755316817,18087.2648912347,18067.915191641776,18074.0700949032,16080.402030414261,17569.22497291695,17566.433247285688,18060.678586043465,18069.812548442278,18071.44225348781,18074.661873434434,18081.237678915688,17926.883007154538,16775.40857432891,18077.714770719565,17584.705054961094,18070.29548038214,18072.123001588407,18077.347192417365,17621.71612400673,18078.627719984335,18082.63513410762,16679.086554096033,18088.860372297535,18087.73691487305,16590.541196923583,14985.629328212332,18092.60044752023,18093.33416444068,18094.021469568306,18102.16208716939,17553.598289324593,18107.401469035474,18056.086301125244,14799.33209497412,18108.188042887767,18104.60091898326,16932.680925392033,16223.767581266053,17922.317189928304,18112.888327617056,18120.413702587863,18112.207095825157,18119.184976069995,18123.87152004385,18123.42642394325,18120.50123813079,16722.886035658343,18124.371732670166,18129.784837160023,18125.628552560152,17480.76513554792,18130.30677235342,18127.867651247067,14390.63228198562,18140.40383082705,17630.206387470862,18148.42971103467,18146.201521941875,18156.061668591068,18160.259971635794,18154.69642477155,18155.089226960055,18158.711126767703,18155.78268668393,16716.038046829555,18163.092638854698,18160.090183361066,18164.223455503023,18163.868823135865,18164.82188686192,18172.23624454204,18175.383102598946,17557.774094773147,16460.464581562857,18151.866180311834,18173.723729926212,18170.578305911466,17333.1778468436,17096.224133775944,18178.753463609733,18181.392043272837,18186.888465952827,18184.574674768217,18192.936616793402,18193.87086491102,18188.121914564203,18191.599509082844,14903.528551043464,18187.639883101416,18183.873701362714,18187.58749819658,18199.63636598952,18196.03431621045,18191.28165356341,18160.144842757094,18191.70771829209,18193.28458595846,18197.955849815324,18196.325045817466,18201.53938586247,18193.866893160717,18210.670068707903,18209.358659913887,18114.354159053462,18210.98334359948,18209.852620914724,18217.460994062472,18212.619272493732,18219.96542822469,17823.314763149738,17923.191225772196,18227.222242313957,18223.437969824834,18224.4528953191,17357.29634456489,18222.37270379512,18228.982634797205,18227.285774839638,18228.328691922976,18232.661130502896,18235.852826188257,18218.710126182043,18239.873397013776,18092.51833443606,17224.65974520344,18246.72222907922,18095.78981374559,18245.44430554313,18251.794650434018,18254.99698965835,18252.153765034225,18261.029825292095,18256.647719412784,18258.27172657273,18259.74106057743,18262.18261488518,18263.16689246972,18257.82001937084,17334.855987461964,16452.86456624954,18265.43128615862,18267.927169562507,18268.249592214543,18267.00004314496,18270.56809522614,18273.981757109555,18271.055025793907,18262.70471361545,18279.93877186577,17344.69035204534,18272.684850123947,18271.754787248934,17738.773002809896,18274.356781516915,18275.371013819666,17040.013779285742,18279.477463078383,18285.747935926855,18282.781523807986,18290.70751331192,18290.678816820437,18267.06473081766,16679.240744502174,18284.002546257358,18269.326913329325,17760.26724213399,18285.901105155943,18287.628049471612,18108.0291807683,18281.034083667233,18286.682799108767,18296.34223729464,14674.858249951816,18293.731709694955,16804.737463302383,18286.10776797335,18286.86088410069,18266.879088885922,17203.789746215793,18267.367740361184,18093.836117954528,18291.44074039782,18281.116071794833,18278.603832833018,18274.468644649725,18279.138438622176,18286.88279038341,18288.814438938025,18264.053470138027,18292.45573430798,18287.849792142802,18296.377750487594,18302.340464633246,18296.140059759422,18304.472107085046,18305.099973054,18038.862931402575,17052.681917266844,18315.51284051577,16063.44055659592,18311.42193766686,18309.245118550654,18310.235400506834,18307.91523560171,18307.1156099674,18314.54083274696,18321.458426691337,18322.387974609654,16078.05673366665,17931.324866235365,18320.658807966574,14255.241014815387,18245.72365695554,18323.161988199186,18257.98744805272,18323.916748350446,15968.551619452772,18331.149984018564,18333.513812010173,18331.843019514792,18334.81580902439,18341.069810727473,18340.7988968719,18337.789966496533,18336.844937333506,17957.978356019717,18338.022026598013,18344.308242407933,18344.355383605962,18333.40895946297,18344.921202678095,17222.590365389,18346.548379469503,18348.60973291571,18354.34473558874,18354.22817898661,18349.72631867994,18351.630271764887,18359.333486671127,16802.9174095353,18345.358027034126,18359.15198743408,18366.49237756641,15861.152985528035,18367.96814640497,18362.73900762543,18362.005864576073,18360.492711228828,18368.61250098535,18367.32807903067,18368.1806818838,18366.941693857538,18372.99102645302,18376.87640633263,18368.014451160318,16711.349555783137,18219.411779115384,17208.11558229387,18374.79044673548,17364.432597346506,18370.82427828031,18368.68123639016,17526.109868608168,18370.002516028788,18377.88888004901,18384.365158621484,18386.751373391846,18387.427555744984,18390.56470007567,18387.38067099156,17461.91655494795,18392.668166587555,18377.513476621654,18385.093496231973,18387.621498517594,18376.564632775826,18190.576161613873,18397.299495250772,18398.93101524523,18399.757858236117,18372.09079751054,18044.65044565368,17888.063453776707,18407.22891924044,18382.55260830826,18402.491198049906,18221.73918357688,18410.534031078645,18393.32414463738,18406.520728405954,18408.920390255837,18410.65252939763,18411.919301179965,17722.593414829473,18416.2736837062,18415.779422499425,18392.567867349928,18415.684941360516,18421.565457023324,18425.04836691587,18421.4058219367,18424.326775855658,18425.709428564,18419.890158787806,18425.19781523458,18421.556653928263,17864.477083063524,18433.917788950865,17879.312688067504,18437.09665877543,18440.8851829563,18441.063813333436,17233.085841279768,18442.81021823925,18442.837789084806,18443.510338245153,18445.802378895758,18411.772651188818,18447.635070275068,17523.680686497897,18446.173691494892,18432.610056994752,18435.37271134286,16535.320456396923,16813.099742281676,18445.328360135223,16439.350213607384,18451.561564114952,17907.40206422158,18037.211970649623,18236.683639196704,18453.67408466563,18190.360486584625,18450.076941349485,15366.863804124287,18455.801196298376,18457.740992239484,18460.126383116694,18451.70520663262,18217.04031762229,17660.26688502942,18445.91932926564,18468.479176646342,18468.16370784412,18474.372846467915,15898.699597466899,18473.056069627324,18479.499306192854,17461.70926742609,18478.07901278334,18473.966617204704,16628.42710682836,18473.36061027754,18474.344702439135,18471.901716211916,18482.706161743845,18483.674307189583,18480.774022844853,17628.471970655428,18485.921596992426,18489.717734274756,18444.779209677577,16943.7425431054,18487.54242826759,16895.686767038915,18478.47396411259,18489.179536887023,18487.269564597882,18486.73078555971,18479.31768647643,18498.47580521549,17405.593385149386,18474.806482466913,18474.544695284756,18486.109611710417,18485.870353812104,17283.90394416153,18486.642268858322,17235.938582074246,18489.884732915496,18490.452246416568,18476.2297305995,16191.334480884676,17881.363177903364,18487.295188116288,17219.967911253243,18488.68125058487,18491.054846406074,16475.120224099082,18493.311438074823,17699.106492671963,18489.26913282107,18492.60667514622,18493.220445107767,13558.411611040196,18497.38565192195,16033.269977005642,18493.30760449076,18496.953953232616,18312.851118965642,17919.203251644958,18432.329402924923,18495.270328157767,18310.785379081484,18510.95509445946,18506.441679079893,17947.71239726135,18507.02597393448,18298.842819461952,18500.420782576737,18507.306700242134,18263.349444566742,18510.512320705864,18393.162381226874,16498.54574699864,17597.51716482692,18292.037328459886,16803.0506450875,16953.397181274915,18515.77232771301,18518.145588139472,18498.712729257564,16882.38471379464,18382.087762984676,18521.029410344625,18524.131096164765,18022.025536156485,15624.958651695368,18526.346270231592,18525.376182450535,16691.682416050855,16741.742878314013,18518.752360241597,18513.630060231368,18516.787005777656,18519.213979310374,18518.605172839678,18366.391666791096,18137.289179222615,17087.497533122092,18528.9188636313,18532.61810858057,18532.659611678253,18245.998900886825,18535.91675435865,18538.110234236596,18535.548753658753,18308.68526636194,18545.671390697506,18541.98195863618,18541.155484545077,18522.779218106043,17655.78733965633,18528.97850888589,18253.702380474228,15968.624241512789,18247.5557723928,18547.155110507916,18547.697254240844,18480.287261384103,16213.387468500045,18557.553027934497,17071.949563484275,17451.929488872607,17142.599759939676,18552.10088987484,18551.44515549683,18549.170226791244,18555.186424906053,18555.7558559167,18555.661498116297,18561.34543931545,18564.446610576357,18241.527317893255,18561.46855175144,18565.150693595595,18567.78953632553,18565.976780312434,18565.883925232836,18565.251962226474,17823.835589969323,18570.70232336005,18566.614539374317,16520.804691775887,18564.9402630516,18085.21684327323,18552.014531541667,18555.981202946477,18395.353784325584,18104.95752502833,18561.5361308848,18556.29235915011,18557.068559666226,18546.418579704376,18559.969043294725,18560.833247991533,17513.214605524863,18566.215385348063,18568.04437093593,18565.27833486232,18572.54784005288,18571.66845472291,18563.27512644415,16990.23068756823,17726.55110204953,18552.914803049407,17992.134023252045,17476.50445480744,18524.36768269313,16750.943281810945,18522.128970573398,18540.127715243012,17192.874729222975,18556.824620071628,18562.33538878807,18563.42762850476,18572.562806006117,18572.402462860526,18579.147819886726,18572.35812471288,18572.93907079245,18570.34174413802,18567.504126191583,16031.122062957236,18572.635169679434,18574.808024671758,18568.647120260033,14949.753398705456,18588.83889831796,18588.76194722217,18583.40084000247,16971.55917332272,18583.73206574415,18590.931511654933,18584.564655483686,16357.921451667027,18366.462568839986,18581.455338529155,18589.4047360065,18596.280506380284,18600.127733837642,18594.876713747875,18593.413876785115,18604.560979485766,18606.106997918872,18607.10248459871,18600.932337034905,17216.076273765113,16453.429263653816,18599.93661878098,18600.22986063035,18395.651543175427,18611.029608055094,18612.92687475637,18615.396275218147,18615.546601125934,17313.759070742155,18615.442484517273,18079.83146064159,18622.126712487603,18623.423887346547,18592.96801073341,17671.088775740653,18078.453235997717,18597.644517059856,18598.559559041925,18605.992502982455,18599.657811116365,18603.49093912005,18603.145552142778,18598.845452906226,18599.00731915748,18600.345100154515,18599.142768787002,18604.35804781052,18610.38263065912,18384.45703993164,18605.79270406994,18606.53464979844,18388.059796717123,18610.11170835343,18353.734048890463,16221.748325731129,17801.543354307527,18595.196523001337,18597.062918876545,18601.3415694701,18598.93318292398,18457.913243181065,18597.472243573822,17909.13166698759,17432.156203222316,18596.76909497926,17754.206861896004,18597.72393957688,17869.386553018197,18594.610114101084,18376.069649555353,17303.163669614565,18600.27289876793,17699.43098482756,18178.10134101457,18502.48625865219,18586.359399118915,18592.387687444563,18593.330889423672,18599.738334479764,18598.066921470854,18599.408722695054,18232.591243172752,18606.82475365265,17419.024214012872,18603.02696170835,18601.78953304986,18593.021274963925,18608.923154079785,18604.255585287523,16882.06666435344,18615.48122365117,18617.758859930284,18616.098763712613,17405.321947133743,18233.746598866346,18603.163995594437,18265.009091079522,18353.888459758116,18295.60398544585,18612.85194823954,18607.04656645901,18608.144344767385,18602.91292203764,18601.883949760173,18608.936830624018,18611.139261145472,17689.239033386613,18605.54238007277,18605.128472003442,18584.105135055826,18218.65905715439,18605.88898676742,18609.98519104758,18595.454244468532,18610.552982952966,18612.64919493988,15520.93596938228,17496.898684573756,18614.20994587111,18615.922582413485,18613.607519881563,17864.77532079113,18618.111164371483,16920.600145749013,18604.90600721642,18617.179755777186,18612.61539634554,18623.02900733048,17951.7469057501,18621.224068834425,18601.52404374683,18612.175204410374,17900.104942660728,18614.97249428802,18615.409394229973,17752.042508738603,18622.06026237419,18622.722686670513,18621.352397176946,17750.337667382613,18624.54033728572,17591.39149946086,16043.80104901707,18633.55444569568,18628.20635281557,18239.103950776735,18489.25129007757,18620.975498730775,15393.965233422521,18260.636031959224,18624.968406993576,16986.00748839923,15717.071967136271,17952.821377852757,15878.722832892425,18611.475501884313,18378.715043745993,18616.643766439756,18620.221935278518,18594.30912103001,17079.757242413292,18434.77024460454,18621.75686246375,18309.324009840744,18620.29671890283,18631.72671393444,18637.59889457421,18634.16338740097,18635.647985602078,18640.364856634973,18620.12814141047,18628.655596107317,18631.498729203526,18635.358757702368,18641.055215919874,18250.97453094148,18649.76102508453,18649.420864970158,18659.286144555143,18532.78633339426,18649.07878406783,18648.512141510626,18648.92318135031,18654.342208737933,18123.935680777293,18191.3838908466,18653.87943237409,18656.520269932724,18648.53929969881,18660.384561124523,18654.010791458113,18187.94114882035,18667.075860986228,18657.940396388054,18660.22917530013,18659.054569308148,18657.348801593962,18664.041718565008,18038.245986985654,18662.91249929642,16187.535913427835,18642.00259715985,17961.272821337443,18451.271940601484,18623.074289466327,15966.727528103522,18624.257182868187,18617.047766874348,16850.4300257072,18632.53732543269,17891.407487381508,18634.39697883072,16676.162665356773,17286.797234377467,18609.59003501852,18627.52737992469,18632.389356065916,18610.193569457155,18634.444649160185,18634.471515716465,18635.71177383578,18636.183885402435,18645.230477965026,18641.588872317792,18642.357431865,18643.66745177948,18648.840313563756,18648.801981099572,18655.562848083915,17843.22948323776,18653.24903410506,18654.785868765342,18590.815498552285,16597.95213755928,16109.217119441664,18661.107145854625,18657.53572943609,18668.683084973236,18664.40431462324,18665.58983642097,18672.522333253677,17670.30772248189,17975.340459292656,17012.395400884878,18649.516847134542,18661.452380534196,18082.024886812123,18666.757671395044,18670.22053574427,18670.581243950357,18674.71537042785,18678.70197939903,18678.26250630909,18685.71554889603,17053.096903745994,18414.4598113617,18665.540613780984,18488.98378822219,18660.879737968335,18666.412415371004,18673.28580476932,18663.93504886386,15664.688172731609,18594.094520587296,18663.305598540843,16877.861002797603,18665.295925505543,18663.382366495745,18669.124575950857,18671.090427331714,18671.27850882491,18671.838285833164,18678.45588935095,18675.823059197326,18670.091336848935,18678.16445084503,16741.0690713169,18674.816121540807,18671.44270098451,18680.283156914364,18672.10639695788,18672.77534054266,18673.43969474488,15423.123761888815,16894.070255767285,18659.4747499746,18654.48428516445,17570.801430290434,18643.92303416366,18654.27557128302,18417.966137518215,18660.51134134977,18659.55942859299,18670.14408956178,18660.51470344639,18668.86352436403,18669.544741307895,18669.321101687714,18654.960750498103,18636.070444349803,17216.108769317154,18669.227112292323,18473.993028515102,18518.445645305,17485.69759427785,18665.54933106448,18387.650496179856,18468.77427425358,18471.524511630865,18663.50735590965,18663.169748585526,18653.764817662923,18412.56000549113,18669.524726677155,18667.66289319864,18664.539875898517,17814.705658539347,18667.99649848915,17158.782827820673,18673.495565761987,18676.45462663895,18678.769171090724,16938.284842638957,18661.099513896042,18679.404941175966,18682.90862921696,16476.756899834367,18203.083530253927,18557.3048396084,18358.370083622638,18672.96805298449,17926.05303375378,17924.931556563268,17106.268896311136,18673.67273725578,18593.197717583105,17006.306652125502,18677.59465977848,18672.68003653665,18668.207223111545,18668.775212985744,18233.371757261095,18671.733549429187,18677.18871974799,15059.331564436408,18681.351243131434,18677.29492258178,17804.511520084372,18429.32340865013,18691.807904110876,18693.196373646882,18700.248721255222,16224.609506228184,16502.10006958517,15756.919169426634,18695.784340906193,16179.205092245169,18118.77816780566,18677.135452386854,18564.629844232386,18679.562002454593,18675.901635845265,18687.42669207243,18685.729713585482,18679.270761809516,18686.993617760105,18612.681105425898,18683.965075398457,17587.82216760822,18683.899209219097,18677.133105443343,18692.59108619372,18681.752827994707,18697.448928709153,17495.120784335584,18693.58507520951,18644.294473431855,17168.21670509194,18702.075441358975,18703.454686828936,18510.620285398112,18702.10640376578,18704.564903851366,18707.10017938427,18707.16486676081,18096.895601355194,17453.345697815286,18712.005230563067,18528.91792432584,18052.154635914307,18704.194373955906,18727.72071406478,18729.26502338084,15858.72849975739,18724.854499608133,18727.9103880333,18732.704114970613,18735.06138893359,18737.45248553527,18733.78560308321,18732.87775552571,18731.625705728555,18725.94464720586,18724.460367097334,18465.124495170272,18734.13441129401,18727.387169176618,18731.12296457903,18106.016768542115,18317.229077088607,18731.512136386846,18732.774503395158,18729.998887711474,18688.803731415068,18734.824073187378,18733.677814135277,18695.244938694337,18711.440761589656,18742.015615147135,18740.23252623316,18737.104743402328,18540.934687636218,18735.66471738137,18744.161800930236,18167.846369288727,18744.91325519581,18748.602217037518,18742.818162890297,18747.5227034836,18753.0635782431,18750.32674554663,18755.545037730688,18759.407660244106,18758.087872832675,17550.274218447114,18746.690897633747,17762.208931177327,18763.350129621453,17388.434023295264,18763.588560746324,18765.140567109658,18763.27840940362,18755.856561037468,18762.296784282353,18765.65346910654,16329.234082426927,17717.247354570725,18527.776492203768,17784.245416515434,17684.75267072558,15316.88798874771,15598.668572112101,17011.67872540326,18631.77585668419,18746.457252443168,17749.162128128217,18741.14490489429,18744.298322457704,18147.145208000064,17338.21079708563,18735.534696281567,18735.838399760527,18740.755206879112,18744.011387140254,16651.488027009436,18722.062878627123,18732.706442939998,18736.032112352335,18733.519436002684,18732.60681589537,18737.67949835813,18736.00571700195,18740.058901580673,18743.474038501245,18742.38627689758,18740.15503888523,17130.606081174734,18736.947242781986,18736.746194309348,17164.213278730564,18735.709436169145,18731.79273498439,18737.05442291935,18736.278073171823,18740.03243593652,18743.99833994008,18735.994556595266,18740.08843908624,18743.410895098303,17098.979698639454,18748.553386067513,18743.736934152686,18749.079446555545,18744.086397363284,18725.58290864972,18745.07603294072,17329.26045069744,18747.73292758885,18753.907293551823,18757.3823076691,18757.186876587075,18759.620794023558,18761.339202571566,18765.02842014824,18762.41059180306,16655.23464391811,18766.98876486888,17123.555092076556,18763.410732911238,18755.353955763392,18760.328274128227,18766.257078234277,17571.73105741883,17835.361428722146,18335.50056635478,18334.172401208936,18753.977517290885,16537.89652292105,18769.100536070924,18771.695944632967,18772.694503171042,18764.19894145034,18772.308888313597,17062.276584860578,18782.047497298132,18774.042613188645,18772.123043452742,18781.875972404596,18788.13221588945,18781.605115329945,18784.973403940214,18788.54190629563,18656.393435739952,18787.030259584266,17922.71341483702,18783.25353840768,18781.082242734145,18780.946281429446,18210.405203521845,17575.16901542382,18786.10683611094,17546.666709829762,18777.454343236124,17217.167098599537,16800.829694596683,18774.94632537822,18778.830351377146,18777.950821791794,17822.05540823407,18295.629794908396,18783.499179288825,18788.245786765823,18786.196677237647,18297.718779113053,18626.484273600137,18713.172017109784,18129.864780486037,18780.244144551507,18532.507419044,18779.623929861038,18441.903150598537,18771.95234383915,18713.21231130748,18782.565079475142,18758.228488185032,18783.528935136284,18784.937410571685,18776.104773076917,18782.34628265262,18602.204314904313,18796.128315811882,18777.982194319295,18797.488960960407,17854.4329767136,18789.610781773958,18627.65337405017,18788.80749993047,15368.690729436696,18782.51493724493,18778.299888239468,18790.815293691714,17446.758001459995,18793.20906608372,18799.93387399218,16345.285972069138,16555.99168254322,18794.253865769093,18800.794049675358,18796.1164093099,18803.13127809615,18803.77185033039,18789.394265623734,18798.772117510245,18792.579496119797,18797.14030754987,18787.85200062204,18793.62851971741,18796.45681152707,18799.235834001196,18797.796095690606,18556.575883394995,18315.82690204309,18059.71941892959,18257.83360039394
